
stage  c00 c01 c02 c03 c04 c05 c06 c07 c08 c09 c10 c11 c12 c13 c14 c15 c16 c17 c18 c19 c20 c21 c22 c23 c24 c25 c26 c27 c28 c29 c30 c31 c32 c33 c34
AC32_ew1       0     0     1     0     0     2     1     0     0     0     1     0     0     0     1     0     2     0     0     0     0     0     0     0     0     0     0     0     0     0     0     0     0     0     0
AC42_ew1       0     0     0     0     0     0     1     2     0     0     0     0     1     0     1     1     1     0     2     0     0     2     2     0     0     0     0     0     0     0     0     0     0     0     0
AC42_uw8       0     0     0     1     1     0     0     0     2     2     2     3     2     1     1     3     1     2     1     3     2     0     0     0     0     1     1     0     0     0     0     0     0     0     0
AC42_uw9       0     0     0     0     0     0     0     0     0     0     0     0     0     2     1     0     0     0     0     0     0     0     0     0     0     0     0     0     0     0     0     0     0     0     0
EC22           0     1     0     0     0     0     0     0     0     1     0     0     0     1     0     0     0     0     0     0     0     1     0     1     0     1     0     0     0     1     0     0     0     0     0
EC32           0     0     0     0     0     0     0     0     0     0     0     0     0     0     0     0     0     2     0     0     1     0     0     2     2     0     0     1     1     0     0     0     0     0     0
V_next: [1.0, 2.0, 1.0, 3.0, 3.0, 2.0, 4.0, 4.0, 7.0, 6.0, 5.0, 7.0, 6.0, 9.0, 6.0, 9.0, 7.0, 11.0, 5.0, 8.0, 6.0, 4.0, 5.0, 8.0, 5.0, 4.0, 3.0, 3.0, 2.0, 2.0, 1.0, 0.0, 0.0, 0.0, 0.0]
--------------------------------------------------------------------------------------------------------------------------------------------------
AC32_ew1       0     0     0     1     0     0     1     0     1     0     0     1     0     0     0     0     1     1     0     0     0     0     0     0     0     0     0     0     0     0     0     0     0     0     0
AC42_ew1       0     0     0     0     0     0     0     0     0     0     1     0     0     0     0     0     0     0     0     0     0     1     0     0     1     0     0     0     0     0     0     0     0     0     0
AC42_uw8       0     0     0     0     0     0     0     1     1     1     0     1     1     1     1     2     1     2     0     2     0     0     1     0     0     0     0     0     0     0     0     0     0     0     0
AC42_uw9       0     0     0     0     0     0     0     0     0     0     0     0     0     1     0     0     0     0     0     0     0     0     0     0     0     0     0     0     0     0     0     0     0     0     0
EC22           0     1     0     0     0     1     0     0     0     1     0     0     1     0     1     0     0     0     1     0     0     0     0     1     0     0     1     1     1     1     0     0     0     0     0
EC32           0     0     0     0     1     0     0     0     0     0     0     0     0     0     0     0     0     0     1     0     2     0     0     2     0     1     0     0     0     0     0     0     0     0     0
V_next: [1.0, 2.0, 1.0, 1.0, 3.0, 2.0, 2.0, 3.0, 3.0, 5.0, 2.0, 4.0, 5.0, 5.0, 4.0, 5.0, 3.0, 6.0, 5.0, 4.0, 4.0, 1.0, 4.0, 6.0, 2.0, 4.0, 3.0, 3.0, 2.0, 2.0, 1.0, 0.0, 0.0, 0.0, 0.0]
--------------------------------------------------------------------------------------------------------------------------------------------------
AC32_ew1       0     0     0     0     0     0     0     1     0     0     0     0     0     0     0     0     0     0     0     0     0     0     0     0     0     0     0     0     0     0     0     0     0     0     0
AC42_ew1       0     0     0     0     0     0     0     0     0     0     0     0     0     0     0     0     0     0     0     0     0     0     0     1     0     0     0     0     0     0     0     0     0     0     0
AC42_uw8       0     0     0     0     0     0     0     0     0     1     0     1     1     1     1     0     0     1     1     0     1     0     0     0     0     0     0     0     0     0     0     0     0     0     0
AC42_uw9       0     0     0     0     0     0     0     0     0     0     0     0     0     0     0     0     0     0     0     0     0     0     0     0     0     0     0     0     0     0     0     0     0     0     0
EC22           0     1     0     0     1     1     1     0     1     0     1     0     0     0     0     1     0     1     0     0     0     0     0     1     1     0     0     1     1     1     0     0     0     0     0
EC32           0     0     0     0     0     0     0     0     0     0     0     0     0     0     0     1     1     0     0     1     0     0     1     0     0     1     1     0     0     0     0     0     0     0     0
V_next: [1.0, 2.0, 1.0, 1.0, 3.0, 2.0, 2.0, 1.0, 4.0, 3.0, 2.0, 2.0, 3.0, 3.0, 2.0, 4.0, 2.0, 4.0, 3.0, 3.0, 2.0, 1.0, 3.0, 3.0, 3.0, 3.0, 2.0, 3.0, 2.0, 2.0, 1.0, 0.0, 0.0, 0.0, 0.0]
--------------------------------------------------------------------------------------------------------------------------------------------------
AC32_ew1       0     0     0     0     1     0     0     0     1     1     0     0     1     1     0     0     0     0     0     0     0     0     0     0     0     0     0     0     0     0     0     0     0     0     0
AC42_ew1       0     0     0     0     0     0     0     0     0     0     0     0     0     0     0     0     0     0     0     0     0     0     0     0     0     0     0     0     0     0     0     0     0     0     0
AC42_uw8       0     0     0     0     0     0     0     0     0     0     0     0     0     0     0     1     0     1     0     0     0     0     0     0     0     0     0     0     0     0     0     0     0     0     0
AC42_uw9       0     0     0     0     0     0     0     0     0     0     0     0     0     0     0     0     0     0     0     0     0     0     0     0     0     0     0     0     0     0     0     0     0     0     0
EC22           0     1     0     0     0     1     1     0     0     0     1     1     0     0     1     0     1     0     0     0     1     0     1     0     0     0     1     1     1     1     0     0     0     0     0
EC32           0     0     0     0     0     0     0     0     0     0     0     0     0     0     0     0     0     0     1     1     0     0     0     1     1     1     0     0     0     0     0     0     0     0     0
V_next: [1.0, 2.0, 1.0, 1.0, 1.0, 3.0, 2.0, 1.0, 2.0, 2.0, 3.0, 2.0, 1.0, 2.0, 3.0, 2.0, 2.0, 2.0, 2.0, 2.0, 2.0, 1.0, 3.0, 2.0, 2.0, 2.0, 2.0, 3.0, 2.0, 2.0, 1.0, 0.0, 0.0, 0.0, 0.0]
--------------------------------------------------------------------------------------------------------------------------------------------------
step  1130 | loss=1578415.500 | area=645277.69  med=7721505792.0000 | row‑ok=0.857  λ_row=26.61 constraint=5
