Front 0: (534.926, 997998) (558.6, 879587) (568.974, 611518) (572.698, 598630) (580.146, 536308) (582.54, 532646) (587.86, 515578) (597.702, 503917) (599.298, 469441) (605.948, 466639) 
Front 1: (534.926, 1.01024e+06) (544.502, 998334) (558.6, 899184) (568.974, 622054) (582.54, 558915) (590.52, 536967) (595.308, 534322) (595.84, 529760) (597.702, 525700) (597.968, 522561) (599.298, 512579) (600.096, 511587) (602.49, 510986) (603.022, 474784) (603.554, 473433) (605.948, 470199) 
Front 2: (538.384, 1.03392e+06) (567.644, 924732) (568.974, 622476) (582.54, 563754) (590.52, 538233) (600.362, 529444) (601.692, 518516) (603.022, 482456) (604.884, 475025) (607.544, 471154) 
Front 3: (544.502, 1.62721e+06) (546.63, 1.59303e+06) (548.226, 1.56661e+06) (556.472, 1.5641e+06) (558.866, 1.40771e+06) (561.526, 1.37195e+06) (568.974, 626944) (595.574, 542863) (600.096, 540968) (601.692, 525868) (603.022, 493855) (603.288, 483334) (605.682, 475499) (608.342, 474664) (609.938, 473515) 
Front 4: (544.502, 1.64441e+06) (546.63, 1.61341e+06) (550.62, 1.58415e+06) (558.866, 1.42729e+06) (568.974, 649634) (572.698, 636441) (574.826, 630486) (597.968, 557911) (603.288, 490060) (605.948, 482841) (608.342, 479857) 
Front 5: (544.502, 1.67107e+06) (546.63, 1.61502e+06) (554.078, 1.60038e+06) (570.57, 1.23396e+06) (572.698, 656609) (574.826, 655648) (592.116, 651866) (603.288, 507486) (603.554, 495940) (605.948, 487976) (607.278, 483271) (608.342, 480545) 
Front 6: (544.502, 1.68033e+06) (546.63, 1.62077e+06) (554.078, 1.60256e+06) (572.698, 657909) (604.884, 505539) (605.948, 493444) (608.342, 480923) 
Front 7: (544.502, 1.68805e+06) (546.63, 1.63813e+06) (575.624, 1.18644e+06) (578.284, 1.14296e+06) (580.944, 1.13565e+06) (583.072, 1.10014e+06) (586.264, 687066) (589.456, 677820) (605.682, 526612) (605.682, 507663) (605.948, 501470) (607.544, 493946) (608.342, 484313) 
Front 8: (544.502, 1.6971e+06) (546.63, 1.64559e+06) (578.018, 1.27e+06) (578.284, 1.17097e+06) (585.732, 1.14622e+06) (587.86, 979690) (604.086, 702767) (605.682, 515853) (605.948, 515202) (605.948, 514513) (606.48, 508727) (608.342, 495940) (608.342, 490599) 
Front 9: (545.566, 1.73834e+06) (546.63, 1.64874e+06) (584.934, 1.64613e+06) (585.732, 1.1606e+06) (588.392, 1.04727e+06) (604.086, 715367) (605.682, 534973) (606.48, 511687) (608.342, 499202) (608.608, 498982) (609.938, 493493) 
Front 10: (545.566, 2.52274e+06) (546.63, 1.66238e+06) (585.732, 1.19604e+06) (591.052, 1.15338e+06) (599.298, 1.13982e+06) (600.894, 1.11712e+06) (603.288, 1.1099e+06) (606.48, 519327) (607.544, 514828) (608.076, 514003) (608.342, 499737) (609.938, 494176) (611.268, 493970) 
Front 11: (546.63, 1.6648e+06) (554.078, 1.66411e+06) (586.264, 1.28092e+06) (590.254, 1.26044e+06) (591.052, 1.18001e+06) (596.904, 1.17895e+06) (599.298, 1.14256e+06) (602.49, 1.12581e+06) (606.48, 527248) (608.342, 502742) (609.938, 500931) (610.47, 499365) (610.736, 495658) 
Front 12: (546.63, 1.68430e+06) (550.62, 1.67104e+06) (588.924, 1.43772e+06) (590.786, 1.43199e+06) (593.712, 1.19145e+06) (599.298, 1.14309e+06) (603.288, 1.14132e+06) (606.48, 527514) (608.342, 504034) (608.608, 503364) (608.874, 503004) (610.47, 502633) 
Front 13: (546.63, 1.68533e+06) (592.648, 1.45533e+06) (597.436, 1.43099e+06) (599.298, 1.14916e+06) (601.692, 1.1451e+06) (603.288, 1.14177e+06) (606.48, 530631) (607.544, 528096) (608.342, 505356) 
Front 14: (546.63, 1.68723e+06) (599.298, 1.15099e+06) (601.692, 1.14625e+06) (606.48, 544812) (608.342, 511525) (608.874, 507255) 
Front 15: (546.63, 1.6878e+06) (599.298, 1.1535e+06) (603.288, 1.14967e+06) (606.48, 551196) (608.608, 540909) (608.874, 510234) (610.47, 507546) 
Front 16: (546.63, 1.69075e+06) (599.298, 1.15956e+06) (601.692, 1.15502e+06) (603.288, 1.15021e+06) (606.48, 669919) (608.076, 557151) (608.874, 511316) (610.47, 510679) (612.864, 507962) 
Front 17: (546.63, 1.6912e+06) (599.298, 1.16146e+06) (600.894, 1.16046e+06) (601.692, 1.1588e+06) (606.48, 709933) (608.608, 560318) (608.874, 513118) (610.47, 512974) (611.268, 512278) (612.864, 508132) 
Front 18: (546.63, 1.69158e+06) (599.298, 1.16354e+06) (601.692, 1.15955e+06) (606.48, 721364) (608.874, 513211) (612.864, 509675) 
Front 19: (546.63, 1.69842e+06) (599.298, 1.16354e+06) (601.692, 1.15959e+06) (606.48, 739654) (607.278, 729732) (608.874, 513650) (610.47, 513593) (612.864, 510235) 
Front 20: (546.63, 1.70307e+06) (599.298, 1.16645e+06) (601.692, 1.15999e+06) (606.48, 741518) (608.874, 517265) (610.47, 515556) (611.268, 514490) (612.864, 513398) 
Front 21: (546.63, 1.70502e+06) (599.298, 1.17233e+06) (600.894, 1.1712e+06) (601.692, 1.16271e+06) (606.48, 743480) (608.874, 518856) (610.47, 517391) (611.268, 515417) (611.268, 515288) (612.864, 514177) 
Front 22: (546.63, 1.70757e+06) (599.298, 1.17595e+06) (600.894, 1.17359e+06) (601.692, 1.1641e+06) (603.288, 1.16373e+06) (606.48, 757748) (608.076, 753304) (608.874, 519093) (610.47, 517401) (611.268, 515717) (612.864, 515316) 
Front 23: (546.63, 1.71066e+06) (599.298, 1.18498e+06) (601.692, 1.16788e+06) (606.48, 758567) (608.874, 519336) (610.47, 519224) (611.268, 516406) 
Front 24: (546.63, 1.71106e+06) (599.298, 1.18518e+06) (601.692, 1.16811e+06) (606.48, 829366) (608.874, 520158) (611.268, 519897) 
Front 25: (546.63, 1.71892e+06) (599.298, 1.19112e+06) (601.692, 1.16927e+06) (608.874, 524162) (610.47, 520487) 
Front 26: (546.63, 1.74086e+06) (599.298, 1.19268e+06) (601.692, 1.17041e+06) (608.874, 525370) (610.47, 523710) (611.268, 521219) 
Front 27: (546.63, 1.75257e+06) (599.298, 1.19438e+06) (601.692, 1.17445e+06) (602.49, 1.1729e+06) (608.874, 525864) (610.47, 523964) (611.268, 522066) 
Front 28: (587.86, 2.76964e+06) (588.658, 2.66125e+06) (594.51, 2.56622e+06) (598.766, 1.85852e+06) (599.298, 1.1969e+06) (601.692, 1.17627e+06) (603.288, 1.17544e+06) (608.874, 526796) (610.47, 525516) (611.268, 522343) 
Front 29: (595.042, 2.90903e+06) (597.436, 2.7953e+06) (599.298, 1.20046e+06) (601.692, 1.18022e+06) (603.288, 1.17644e+06) (608.874, 527273) (610.47, 526411) (611.268, 525938) (612.864, 523502) 
Front 30: (599.298, 1.20711e+06) (601.692, 1.1824e+06) (602.49, 1.18063e+06) (608.874, 527313) (611.268, 527087) (612.864, 523694) 
Front 31: (599.298, 1.22439e+06) (601.692, 1.18319e+06) (608.874, 528272) (610.47, 527435) (611.268, 527244) (612.864, 525598) 
Front 32: (599.298, 1.23853e+06) (601.692, 1.18438e+06) (608.874, 529356) (611.268, 527516) 
Front 33: (601.692, 1.18469e+06) (608.874, 530361) (611.268, 529450) (611.268, 529268) (612.864, 527874) 
Front 34: (601.692, 1.18544e+06) (608.874, 531217) (611.268, 529590) (612.864, 528154) 
Front 35: (601.692, 1.18545e+06) (608.874, 531569) (611.268, 529766) 
Front 36: (601.692, 1.18599e+06) (608.874, 532598) (610.47, 532519) (611.268, 530678) 
Front 37: (601.692, 1.18843e+06) (608.874, 533490) (610.47, 533118) (611.268, 531813) (612.864, 531433) 
Front 38: (601.692, 1.18872e+06) (608.874, 534502) (610.47, 533617) (611.268, 532627) (612.864, 532373) 
Front 39: (601.692, 1.19e+06) (608.874, 535376) (611.268, 532640) 
Front 40: (601.692, 1.19019e+06) (608.874, 535822) (610.47, 535563) (611.268, 533391) (612.864, 533029) 
Front 41: (601.692, 1.19202e+06) (608.874, 536270) (611.268, 533491) (612.864, 533136) 
Front 42: (601.692, 1.19225e+06) (608.874, 537197) (610.47, 536512) (611.268, 534128) 
Front 43: (601.692, 1.19382e+06) (608.874, 538953) (611.268, 534169) 
Front 44: (601.692, 1.19398e+06) (608.874, 539454) (611.268, 534546) 
Front 45: (601.692, 1.19412e+06) (608.874, 540198) (611.268, 535892) (611.268, 534630) 
Front 46: (601.692, 1.1943e+06) (608.874, 541807) (610.47, 541224) (611.268, 536973) (612.864, 535265) 
Front 47: (601.692, 1.19496e+06) (608.874, 543221) (610.47, 542308) (611.268, 537516) (612.864, 536964) 
Front 48: (601.692, 1.19518e+06) (608.874, 543500) (610.47, 543296) (611.268, 537799) 
Front 49: (601.692, 1.19684e+06) (608.874, 544051) (611.268, 538022) 
Front 50: (601.692, 1.19716e+06) (608.874, 546616) (611.268, 538069) 
Front 51: (601.692, 1.1976e+06) (608.874, 549471) (610.47, 547029) (611.268, 538301) 
Front 52: (601.692, 1.19818e+06) (608.874, 549809) (610.47, 549232) (611.268, 538460) 
Front 53: (601.692, 1.20036e+06) (608.874, 550638) (610.47, 550318) (611.268, 539297) (612.864, 539261) 
Front 54: (601.692, 1.20272e+06) (603.288, 1.20038e+06) (608.874, 550807) (611.268, 541040) (611.268, 539984) 
Front 55: (601.692, 1.20342e+06) (608.874, 552372) (610.47, 551168) (611.268, 541325) (612.864, 540453) 
Front 56: (601.692, 1.20426e+06) (608.874, 555727) (611.268, 541354) (612.864, 541315) 
Front 57: (601.692, 1.20764e+06) (608.874, 556988) (611.268, 541834) (611.268, 541394) 
Front 58: (601.692, 1.21048e+06) (608.874, 558725) (611.268, 542122) (612.864, 541629) 
Front 59: (601.692, 1.21091e+06) (608.874, 561694) (611.268, 542551) (612.864, 542537) (616.588, 542367) 
Front 60: (601.692, 1.21382e+06) (608.874, 561715) (611.268, 542862) 
Front 61: (601.692, 1.21494e+06) (608.874, 563564) (611.268, 543024) (612.864, 542883) 
Front 62: (601.692, 1.22281e+06) (608.874, 569700) (610.47, 564062) (611.268, 544042) (612.864, 543714) 
Front 63: (601.692, 1.22309e+06) (608.874, 569859) (610.47, 568464) (611.268, 544115) 
Front 64: (601.692, 1.22325e+06) (608.874, 570583) (611.268, 544494) 
Front 65: (601.692, 1.22469e+06) (608.874, 577305) (610.47, 571973) (611.268, 544928) 
Front 66: (601.692, 1.23366e+06) (608.874, 662631) (609.672, 577986) (611.268, 544995) (611.268, 544945) 
Front 67: (602.49, 1.78586e+06) (602.756, 1.42177e+06) (608.874, 696426) (610.47, 689650) (611.268, 546922) (611.268, 546102) 
Front 68: (603.022, 1.64513e+06) (607.81, 1.62199e+06) (608.874, 710498) (611.268, 546973) (611.268, 546216) 
Front 69: (603.82, 1.65714e+06) (608.874, 735428) (610.47, 723171) (611.268, 547664) (612.864, 546371) 
Front 70: (603.82, 1.67587e+06) (608.874, 761207) (611.268, 549552) (611.268, 548478) 
Front 71: (603.82, 2.32625e+06) (604.086, 1.96267e+06) (604.884, 1.7805e+06) (605.416, 1.73846e+06) (609.406, 1.67324e+06) (611.268, 550271) (612.066, 550072) 
Front 72: (603.82, 2.37661e+06) (604.884, 1.81724e+06) (609.406, 1.77193e+06) (611.268, 552300) (612.598, 551178) 
Front 73: (604.884, 1.84004e+06) (609.406, 1.83541e+06) (611.268, 553159) (612.864, 552377) 
Front 74: (604.884, 1.85678e+06) (611.268, 555027) (612.864, 554092) 
Front 75: (604.884, 1.87064e+06) (611.268, 555251) (611.268, 555190) 
Front 76: (604.884, 1.89261e+06) (611.268, 555531) 
Front 77: (604.884, 1.90288e+06) (611.268, 555615) 
Front 78: (604.884, 1.90729e+06) (611.268, 556356) (612.864, 556200) 
Front 79: (606.48, 1.97928e+06) (611.268, 556571) (612.864, 556311) 
Front 80: (608.874, 4.10156e+06) (609.672, 2.37331e+06) (611.268, 556693) 
Front 81: (611.268, 557929) (618.982, 557793) 
Front 82: (611.268, 559094) (612.598, 558589) 
Front 83: (611.268, 560224) 
Front 84: (611.268, 567052) (611.268, 562356) 
Front 85: (611.268, 568840) (611.268, 563034) 
Front 86: (611.268, 569468) (611.268, 567378) (612.864, 565570) (614.992, 564671) 
Front 87: (611.268, 575136) (611.268, 567623) 
Front 88: (611.268, 575818) 
Front 89: (611.268, 577415) 
Front 90: (611.268, 589106) 
Front 91: (611.268, 609608) 
Front 92: (611.268, 682018) 
Front 93: (611.268, 686648) 
Front 94: (611.268, 2.37436e+06) (611.268, 2.33827e+06) (611.8, 1.59209e+06) (615.258, 759249) (620.046, 722162) 
Front 95: (611.268, 2.43059e+06) (611.8, 2.3452e+06) (612.066, 2.25747e+06) (614.46, 2.2312e+06) (618.184, 1.15522e+06) (618.45, 1.13871e+06) (620.046, 1.1172e+06) (627.228, 1.05139e+06) 
Front 96: (612.066, 2.26175e+06) (614.46, 2.24299e+06) (621.908, 1.82506e+06) 
Front 97: (612.066, 2.26553e+06) (614.46, 2.26206e+06) 
Front 98: (612.066, 2.30241e+06) (613.662, 2.27059e+06) (613.662, 2.26696e+06) 
Front 99: (612.066, 2.30488e+06) (614.46, 2.27814e+06) 
Front 100: (612.066, 2.31087e+06) (614.46, 2.29216e+06) (616.056, 2.28192e+06) 
Front 101: (612.066, 2.31157e+06) (614.46, 2.30095e+06) (616.056, 2.28622e+06) 
Front 102: (612.066, 2.32054e+06) (614.46, 2.30353e+06) (616.056, 2.28804e+06) 
Front 103: (612.066, 2.32847e+06) (614.46, 2.30675e+06) (616.056, 2.28969e+06) 
Front 104: (612.066, 2.35073e+06) (613.662, 2.34542e+06) (614.46, 2.31022e+06) (616.056, 2.3001e+06) 
Front 105: (612.066, 2.3556e+06) (613.662, 2.35138e+06) (614.46, 2.3172e+06) (616.056, 2.30346e+06) 
Front 106: (612.066, 2.36328e+06) (614.46, 2.32046e+06) 
Front 107: (612.066, 2.36515e+06) (614.46, 2.32522e+06) 
Front 108: (612.066, 2.37743e+06) (613.662, 2.37327e+06) (613.662, 2.36756e+06) (614.46, 2.32839e+06) (616.056, 2.3255e+06) 
Front 109: (612.066, 2.38099e+06) (613.662, 2.37992e+06) (614.46, 2.33675e+06) (616.056, 2.3304e+06) 
Front 110: (612.066, 2.41115e+06) (613.662, 2.38271e+06) (614.46, 2.3468e+06) (616.056, 2.33166e+06) 
Front 111: (612.066, 2.41154e+06) (613.662, 2.40512e+06) (614.46, 2.3469e+06) (616.056, 2.34046e+06) 
Front 112: (612.066, 2.42123e+06) (613.662, 2.41543e+06) (614.46, 2.3507e+06) (616.056, 2.34092e+06) 
Front 113: (612.066, 2.44342e+06) (613.662, 2.41845e+06) (614.46, 2.3562e+06) (616.056, 2.34119e+06) 
Front 114: (612.066, 3.75215e+06) (613.662, 2.41988e+06) (614.46, 2.35874e+06) (616.056, 2.34503e+06) 
Front 115: (613.662, 2.43353e+06) (614.46, 2.36521e+06) (616.056, 2.35463e+06) 
Front 116: (613.662, 2.44807e+06) (614.46, 2.37358e+06) (616.056, 2.3565e+06) 
Front 117: (613.662, 2.46281e+06) (614.46, 2.37948e+06) (616.056, 2.3683e+06) 
Front 118: (613.662, 2.50046e+06) (614.46, 2.41093e+06) (616.056, 2.37436e+06) 
Front 119: (613.662, 2.52176e+06) (614.46, 2.41955e+06) (616.056, 2.38649e+06) 
Front 120: (614.46, 2.50534e+06) (616.056, 2.39184e+06) 
Front 121: (616.056, 2.41183e+06) 
Front 122: (616.056, 2.42062e+06) 
Front 123: (616.056, 2.43757e+06) 
Front 124: (616.056, 2.43844e+06) 
Front 125: (616.056, 2.44746e+06) 
Front 126: (616.322, 3.85041e+06) 
Front 127: (626.962, 6.60012e+06) (627.228, 4.6656e+06) 
Front 128: (645.582, 1.08521e+07) 
Front 129: (787.36, 2.8076e+07) 
