stage  c00 c01 c02 c03 c04 c05 c06 c07 c08 c09 c10 c11 c12 c13 c14 c15 c16 c17 c18 c19 c20 c21 c22 c23 c24 c25 c26 c27 c28 c29 c30
ex-3:2      0     0     0     0     0     0     0     0     0     0     0     0     0     0     0     0     0     0     0     0     3     3     3     2     2     1     1     1     1     0     0
ex-2:2      0     1     1     0     0     1     1     0     0     1     1     0     0     1     1     0     1     1     0     0     1     0     0     1     0     1     1     0     0     1     0
ap-3:2      0     0     0     0     0     0     0     0     0     0     0     0     0     0     0     0     0     0     0     0     0     0     0     0     0     0     0     0     0     0     0
ap-4:2      0     0     0     1     1     1     1     2     2     2     2     3     3     3     3     4     3     3     3     3     0     0     0     0     0     0     0     0     0     0     0
tensor([[1., 1., 3., 2., 2., 2., 4., 3., 3., 3., 5., 4., 4., 4., 6., 5., 5., 5.,
         5., 3., 4., 8., 6., 6., 6., 5., 4., 4., 2., 2., 2.]], device='mps:0')
----------------------------------------------------------------------------------------------------------------------------------
ex-3:2      0     0     0     0     0     0     0     0     0     0     0     0     0     0     0     0     0     1     1     1     1     2     2     2     2     1     1     0     0     0     0
ex-2:2      0     0     1     1     1     1     0     1     1     1     0     0     0     0     1     0     0     1     1     0     0     1     0     0     0     1     0     1     1     1     1
ap-3:2      0     0     0     0     0     0     0     0     0     0     0     0     0     0     0     0     0     0     0     0     0     0     0     0     0     0     0     0     0     0     0
ap-4:2      0     0     0     0     0     0     1     0     0     0     1     1     1     1     1     1     1     0     0     0     0     0     0     0     0     0     0     0     0     0     0
tensor([[1., 1., 2., 2., 2., 2., 2., 2., 3., 3., 3., 1., 1., 1., 2., 3., 2., 2.,
         4., 3., 3., 4., 5., 4., 4., 4., 4., 4., 2., 2., 2.]], device='mps:0')
----------------------------------------------------------------------------------------------------------------------------------
ex-3:2      0     0     0     0     0     0     0     0     0     0     0     0     0     0     0     0     0     0     1     1     1     1     1     1     0     1     1     1     0     0     0
ex-2:2      0     0     1     1     1     1     1     1     1     1     1     0     0     0     1     1     1     1     0     0     0     0     1     0     2     0     0     0     1     1     1
ap-3:2      0     0     0     0     0     0     0     0     0     0     0     0     0     0     0     0     0     0     0     0     0     0     0     0     0     0     0     0     0     0     0
ap-4:2      0     0     0     0     0     0     0     0     0     0     0     0     0     0     0     0     0     0     0     0     0     0     0     0     0     0     0     0     0     0     0
tensor([[1., 1., 1., 2., 2., 2., 2., 2., 3., 3., 3., 2., 1., 1., 1., 3., 2., 2.,
         3., 2., 2., 3., 3., 4., 3., 4., 3., 3., 2., 2., 2.]], device='mps:0')
----------------------------------------------------------------------------------------------------------------------------------
ex-3:2      0     0     0     0     0     0     0     0     0     0     0     0     0     0     0     1     0     0     1     0     0     1     1     1     0     1     1     1     0     0     0
ex-2:2      0     0     0     1     1     1     1     1     1     1     1     1     0     0     0     0     1     1     0     1     1     0     0     0     1     0     0     0     1     1     1
ap-3:2      0     0     0     0     0     0     0     0     0     0     0     0     0     0     0     0     0     0     0     0     0     0     0     0     0     0     0     0     0     0     0
ap-4:2      0     0     0     0     0     0     0     0     0     0     0     0     0     0     0     0     0     0     0     0     0     0     0     0     0     0     0     0     0     0     0
tensor([[1., 1., 1., 1., 2., 2., 2., 2., 3., 3., 3., 2., 2., 1., 1., 1., 2., 2.,
         2., 2., 2., 2., 2., 3., 3., 3., 2., 2., 2., 2., 2.]], device='mps:0')
----------------------------------------------------------------------------------------------------------------------------------