
stage  c00 c01 c02 c03 c04 c05 c06 c07 c08 c09 c10 c11 c12 c13 c14 c15 c16 c17 c18 c19 c20 c21 c22 c23 c24 c25 c26 c27 c28 c29 c30 c31 c32 c33 c34
AC32_ew1       0     0     1     0     0     0     1     0     0     0     1     0     0     0     1     0     0     0     0     0     0     0     0     0     0     0     0     0     0     0     0     0     0     0     0
AC42_ew1       0     0     0     0     0     0     0     0     0     0     0     0     0     0     0     0     0     0     0     0     0     0     0     0     0     0     0     0     0     0     0     0     0     0     0
AC42_uw1       0     0     0     0     0     0     0     0     0     0     0     0     0     0     0     0     0     0     0     0     0     0     0     0     0     0     0     0     0     0     0     0     0     0     0
AC42_uw10      0     0     0     1     1     1     0     0     2     0     2     0     0     0     0     0     0     0     0     0     0     0     0     0     0     0     0     0     0     0     0     0     0     0     0
AC42_uw11      0     0     0     0     0     0     1     0     0     2     0     2     3     3     0     2     3     0     0     0     2     0     2     0     0     0     0     0     0     0     0     0     0     0     0
AC42_uw12      0     0     0     0     0     0     0     0     0     0     0     0     0     0     0     0     0     0     0     0     0     0     0     0     0     0     0     0     0     0     0     0     0     0     0
AC42_uw2       0     0     0     0     0     0     0     0     0     0     0     0     0     0     0     0     0     0     0     0     0     0     0     0     0     0     0     0     0     0     0     0     0     0     0
AC42_uw3       0     0     0     0     0     0     0     0     0     0     0     0     0     0     0     0     0     0     3     2     0     0     0     1     0     0     0     0     0     0     0     0     0     0     0
AC42_uw4       0     0     0     0     0     0     0     0     0     0     0     0     0     0     0     0     0     0     0     0     0     2     0     1     1     0     1     0     0     0     0     0     0     0     0
AC42_uw5       0     0     0     0     0     0     0     0     0     0     0     0     0     0     0     2     0     0     0     0     0     0     0     0     0     0     0     0     0     0     0     0     0     0     0
AC42_uw6       0     0     0     0     0     0     0     0     0     0     0     0     0     0     0     0     0     0     0     0     0     0     0     0     0     0     0     0     0     0     0     0     0     0     0
AC42_uw7       0     0     0     0     0     0     0     0     0     0     0     0     0     0     0     0     0     0     0     0     0     0     0     0     0     0     0     0     0     0     0     0     0     0     0
AC42_uw8       0     0     0     0     0     0     0     2     0     0     0     1     0     0     3     0     0     0     0     0     0     0     0     0     0     0     0     0     0     0     0     0     0     0     0
AC42_uw9       0     0     0     0     0     0     0     0     0     0     0     0     0     0     0     0     0     0     0     0     0     0     0     0     0     0     0     0     0     0     0     0     0     0     0
EC22           0     1     0     0     0     1     0     0     0     1     0     0     0     1     0     0     0     1     0     0     0     1     0     0     0     0     0     0     0     1     0     0     0     0     0
EC32           0     0     0     0     0     0     0     0     0     0     0     0     0     0     0     0     1     4     0     1     1     0     0     0     1     2     0     1     1     0     0     0     0     0     0
V_next: [1.0, 2.0, 1.0, 3.0, 3.0, 4.0, 3.0, 5.0, 5.0, 6.0, 5.0, 7.0, 7.0, 8.0, 7.0, 9.0, 8.0, 10.0, 7.0, 7.0, 6.0, 6.0, 5.0, 4.0, 4.0, 4.0, 3.0, 3.0, 2.0, 2.0, 1.0, 0.0, 0.0, 0.0, 0.0]
--------------------------------------------------------------------------------------------------------------------------------------------------
AC32_ew1       0     0     0     1     1     0     1     0     0     0     0     1     0     0     0     0     0     0     0     0     0     0     0     0     0     0     0     0     0     0     0     0     0     0     0
AC42_ew1       0     0     0     0     0     0     0     0     0     0     0     0     0     0     0     0     0     0     0     0     0     0     0     0     0     0     0     0     0     0     0     0     0     0     0
AC42_uw1       0     0     0     0     0     0     0     0     0     0     0     0     0     0     0     0     0     0     0     0     0     0     0     0     0     0     0     0     0     0     0     0     0     0     0
AC42_uw10      0     0     0     0     0     1     0     1     1     1     0     0     0     0     0     0     0     0     1     0     0     0     0     0     0     0     0     0     0     0     0     0     0     0     0
AC42_uw11      0     0     0     0     0     0     0     0     0     0     0     1     0     0     0     0     0     0     0     0     0     0     0     0     0     0     0     0     0     0     0     0     0     0     0
AC42_uw12      0     0     0     0     0     0     0     0     0     0     0     0     0     0     0     0     2     0     0     0     1     0     0     0     0     0     0     0     0     0     0     0     0     0     0
AC42_uw2       0     0     0     0     0     0     0     0     0     0     0     0     0     0     0     0     0     0     0     0     0     0     0     0     0     0     0     0     0     0     0     0     0     0     0
AC42_uw3       0     0     0     0     0     0     0     0     0     0     0     0     0     0     0     0     0     0     0     0     0     0     0     0     0     0     0     0     0     0     0     0     0     0     0
AC42_uw4       0     0     0     0     0     0     0     0     0     0     0     0     0     0     0     2     0     2     0     0     0     0     0     0     0     0     0     0     0     0     0     0     0     0     0
AC42_uw5       0     0     0     0     0     0     0     0     0     0     0     0     0     0     0     0     0     0     0     0     0     0     0     0     0     0     0     0     0     0     0     0     0     0     0
AC42_uw6       0     0     0     0     0     0     0     0     0     0     0     0     0     0     0     0     0     0     0     0     0     0     0     0     0     0     0     0     0     0     0     0     0     0     0
AC42_uw7       0     0     0     0     0     0     0     0     0     0     0     0     0     0     0     0     0     0     0     0     0     0     0     0     0     0     0     0     0     0     0     0     0     0     0
AC42_uw8       0     0     0     0     0     0     0     0     0     0     1     0     1     2     0     0     0     0     0     0     0     0     0     0     0     0     0     0     0     0     0     0     0     0     0
AC42_uw9       0     0     0     0     0     0     0     0     0     0     0     0     0     0     1     0     0     0     0     0     0     0     0     0     0     0     0     0     0     0     0     0     0     0     0
EC22           0     1     0     0     0     0     0     0     0     1     0     0     0     0     0     0     0     1     0     0     1     3     1     0     0     0     0     1     1     1     0     0     0     0     0
EC32           0     0     0     0     0     0     0     0     0     0     0     0     1     0     1     0     0     0     1     2     0     0     1     1     1     1     1     0     0     0     0     0     0     0     0
V_next: [1.0, 2.0, 1.0, 1.0, 2.0, 3.0, 1.0, 4.0, 3.0, 4.0, 3.0, 3.0, 5.0, 4.0, 4.0, 5.0, 4.0, 6.0, 4.0, 5.0, 4.0, 6.0, 4.0, 3.0, 3.0, 3.0, 2.0, 3.0, 2.0, 2.0, 1.0, 0.0, 0.0, 0.0, 0.0]
--------------------------------------------------------------------------------------------------------------------------------------------------
AC32_ew1       0     0     0     0     0     1     0     0     1     0     1     1     0     0     0     0     0     0     0     0     0     0     0     0     0     0     0     0     0     0     0     0     0     0     0
AC42_ew1       0     0     0     0     0     0     0     0     0     0     0     0     0     0     0     0     0     0     0     0     0     0     0     0     0     0     0     0     0     0     0     0     0     0     0
AC42_uw1       0     0     0     0     0     0     0     0     0     0     0     0     0     0     0     0     1     0     1     0     0     0     0     0     0     0     0     0     0     0     0     0     0     0     0
AC42_uw10      0     0     0     0     0     0     0     1     0     1     0     0     1     1     0     0     0     0     0     0     0     0     0     0     0     0     0     0     0     0     0     0     0     0     0
AC42_uw11      0     0     0     0     0     0     0     0     0     0     0     0     0     0     0     0     0     0     0     0     1     0     0     0     0     0     0     0     0     0     0     0     0     0     0
AC42_uw12      0     0     0     0     0     0     0     0     0     0     0     0     0     0     0     0     0     0     0     0     0     0     0     0     0     0     0     0     0     0     0     0     0     0     0
AC42_uw2       0     0     0     0     0     0     0     0     0     0     0     0     0     0     1     0     0     0     0     0     0     0     0     0     0     0     0     0     0     0     0     0     0     0     0
AC42_uw3       0     0     0     0     0     0     0     0     0     0     0     0     0     0     0     0     0     0     0     0     0     0     0     0     0     0     0     0     0     0     0     0     0     0     0
AC42_uw4       0     0     0     0     0     0     0     0     0     0     0     0     0     0     0     1     0     1     0     0     0     1     0     0     0     0     0     0     0     0     0     0     0     0     0
AC42_uw5       0     0     0     0     0     0     0     0     0     0     0     0     0     0     0     0     0     0     0     0     0     0     0     0     0     0     0     0     0     0     0     0     0     0     0
AC42_uw6       0     0     0     0     0     0     0     0     0     0     0     0     0     0     0     0     0     0     0     0     0     0     0     0     0     0     0     0     0     0     0     0     0     0     0
AC42_uw7       0     0     0     0     0     0     0     0     0     0     0     0     0     0     0     0     0     0     0     0     0     0     0     0     0     0     0     0     0     0     0     0     0     0     0
AC42_uw8       0     0     0     0     0     0     0     0     0     0     0     0     0     0     0     0     0     0     0     0     0     0     0     0     0     0     0     0     0     0     0     0     0     0     0
AC42_uw9       0     0     0     0     0     0     0     0     0     0     0     0     0     0     0     0     0     0     0     0     0     0     0     0     0     0     0     0     0     0     0     0     0     0     0
EC22           0     1     0     0     1     0     0     0     0     0     0     0     0     0     0     0     0     1     0     1     0     1     0     1     1     1     1     1     1     1     0     0     0     0     0
EC32           0     0     0     0     0     0     0     0     0     0     0     0     0     0     0     0     0     0     0     1     0     0     1     0     0     0     0     0     0     0     0     0     0     0     0
V_next: [1.0, 2.0, 1.0, 1.0, 2.0, 1.0, 2.0, 2.0, 1.0, 3.0, 1.0, 2.0, 4.0, 2.0, 2.0, 3.0, 2.0, 4.0, 2.0, 4.0, 2.0, 4.0, 3.0, 3.0, 3.0, 3.0, 2.0, 3.0, 2.0, 2.0, 1.0, 0.0, 0.0, 0.0, 0.0]
--------------------------------------------------------------------------------------------------------------------------------------------------
AC32_ew1       0     0     0     0     0     0     0     0     0     1     0     0     0     0     0     0     0     0     0     0     0     0     0     0     0     0     0     0     0     0     0     0     0     0     0
AC42_ew1       0     0     0     0     0     0     0     0     0     0     0     0     0     0     0     0     0     0     0     0     0     0     0     0     0     0     0     0     0     0     0     0     0     0     0
AC42_uw1       0     0     0     0     0     0     0     0     0     0     0     0     0     0     0     0     0     1     0     0     0     0     0     0     0     0     0     0     0     0     0     0     0     0     0
AC42_uw10      0     0     0     0     0     0     0     0     0     0     0     0     1     0     0     0     0     0     0     0     0     0     0     0     0     0     0     0     0     0     0     0     0     0     0
AC42_uw11      0     0     0     0     0     0     0     0     0     0     0     0     0     0     0     0     0     0     0     0     0     0     0     0     0     0     0     0     0     0     0     0     0     0     0
AC42_uw12      0     0     0     0     0     0     0     0     0     0     0     0     0     0     0     0     0     0     0     0     0     1     0     0     0     0     0     0     0     0     0     0     0     0     0
AC42_uw2       0     0     0     0     0     0     0     0     0     0     0     0     0     0     0     0     0     0     0     0     0     0     0     0     0     0     0     0     0     0     0     0     0     0     0
AC42_uw3       0     0     0     0     0     0     0     0     0     0     0     0     0     0     0     0     0     0     0     0     0     0     0     0     0     0     0     0     0     0     0     0     0     0     0
AC42_uw4       0     0     0     0     0     0     0     0     0     0     0     0     0     0     0     0     0     0     0     0     0     0     0     0     0     0     0     0     0     0     0     0     0     0     0
AC42_uw5       0     0     0     0     0     0     0     0     0     0     0     0     0     0     0     0     0     0     0     0     0     0     0     0     0     0     0     0     0     0     0     0     0     0     0
AC42_uw6       0     0     0     0     0     0     0     0     0     0     0     0     0     0     0     0     0     0     0     0     0     0     0     0     0     0     0     0     0     0     0     0     0     0     0
AC42_uw7       0     0     0     0     0     0     0     0     0     0     0     0     0     0     0     0     0     0     0     0     0     0     0     0     0     0     0     0     0     0     0     0     0     0     0
AC42_uw8       0     0     0     0     0     0     0     0     0     0     0     0     0     0     0     0     0     0     0     0     0     0     0     0     0     0     0     0     0     0     0     0     0     0     0
AC42_uw9       0     0     0     0     0     0     0     0     0     0     0     0     0     0     0     0     0     0     0     0     0     0     0     0     0     0     0     0     0     0     0     0     0     0     0
EC22           0     1     0     0     1     0     1     1     0     0     0     1     0     1     1     0     1     0     1     0     1     0     0     1     0     0     1     0     1     1     0     0     0     0     0
EC32           0     0     0     0     0     0     0     0     0     0     0     0     0     0     0     1     0     0     0     1     0     0     1     0     1     1     0     1     0     0     0     0     0     0     0
V_next: [1.0, 2.0, 1.0, 1.0, 2.0, 1.0, 2.0, 2.0, 1.0, 1.0, 2.0, 2.0, 2.0, 2.0, 2.0, 2.0, 2.0, 2.0, 2.0, 3.0, 2.0, 2.0, 2.0, 3.0, 2.0, 2.0, 2.0, 2.0, 2.0, 2.0, 1.0, 0.0, 0.0, 0.0, 0.0]
--------------------------------------------------------------------------------------------------------------------------------------------------
step  2240 | loss=30934622.000 | area=730261.50  med=2975279104.0000 | row‑ok=0.943  λ_row=149.30 constraint=2
