
stage  c00 c01 c02 c03 c04 c05 c06 c07 c08 c09 c10 c11 c12 c13 c14 c15 c16 c17 c18 c19 c20 c21 c22 c23 c24 c25 c26 c27 c28 c29 c30 c31 c32 c33 c34
ex-3:2      0     0     0     1     0     0     0     0     0     0     0     0     0     0     1     5     5     4     4     4     3     0     0     0     0     0     1     0     1     0     0     0     0     0     0
ex-2:2      0     1     1     0     0     1     0     0     0     0     0     0     0     1     0     0     0     1     0     0     1     5     4     4     3     3     1     2     0     1     0     0     0     0     0
ap-3:2      0     0     0     0     0     0     1     1     0     3     1     4     4     4     4     0     0     0     0     0     0     0     0     0     0     0     0     0     0     0     0     0     0     0     0
ap-4:2      0     0     0     0     1     1     1     1     2     0     2     0     0     0     0     0     0     0     0     0     0     0     0     0     0     0     0     0     0     0     0     0     0     0     0
[1.0, 1.0, 3.0, 3.0, 4.0, 3.0, 5.0, 5.0, 5.0, 7.0, 6.0, 8.0, 9.0, 9.0, 10.0, 7.0, 10.0, 10.0, 10.0, 8.0, 8.0, 9.0, 10.0, 8.0, 8.0, 6.0, 5.0, 4.0, 3.0, 2.0, 2.0, 0.0, 0.0, 0.0, 0.0]
--------------------------------------------------------------------------------------------------------------------------------------------------
ex-3:2      0     0     0     0     0     0     0     0     0     0     1     0     3     3     3     2     0     3     3     2     2     3     3     0     1     2     1     1     0     0     0     0     0     0     0
ex-2:2      0     0     0     0     0     0     0     1     1     0     0     1     0     0     0     0     5     0     0     1     1     0     0     4     2     0     1     0     1     1     1     0     0     0     0
ap-3:2      0     0     1     1     0     1     0     1     1     2     1     2     0     0     0     0     0     0     0     0     0     0     0     0     0     0     0     0     0     0     0     0     0     0     0
ap-4:2      0     0     0     0     1     0     1     0     0     0     0     0     0     0     0     0     0     0     0     0     0     0     0     0     0     0     0     0     0     0     0     0     0     0     0
[1.0, 1.0, 2.0, 2.0, 2.0, 2.0, 3.0, 3.0, 4.0, 6.0, 3.0, 6.0, 4.0, 6.0, 7.0, 6.0, 7.0, 9.0, 7.0, 6.0, 6.0, 6.0, 7.0, 7.0, 8.0, 5.0, 4.0, 4.0, 3.0, 2.0, 2.0, 1.0, 0.0, 0.0, 0.0]
--------------------------------------------------------------------------------------------------------------------------------------------------
ex-3:2      0     0     0     0     0     0     0     0     0     0     0     0     0     0     2     2     1     3     2     2     2     2     2     2     2     0     0     0     0     0     0     0     0     0     0
ex-2:2      0     0     1     1     1     1     0     0     0     1     0     0     0     0     0     0     2     0     0     0     0     0     0     0     1     2     2     2     1     1     1     0     0     0     0
ap-3:2      0     0     0     0     0     0     1     1     0     0     1     2     0     2     0     0     0     0     0     0     0     0     0     0     0     0     0     0     0     0     0     0     0     0     0
ap-4:2      0     0     0     0     0     0     0     0     1     1     0     0     1     0     0     0     0     0     0     0     0     0     0     0     0     0     0     0     0     0     0     0     0     0     0
[1.0, 1.0, 1.0, 2.0, 2.0, 2.0, 3.0, 2.0, 2.0, 3.0, 3.0, 4.0, 2.0, 4.0, 3.0, 4.0, 5.0, 6.0, 6.0, 4.0, 4.0, 4.0, 5.0, 5.0, 5.0, 6.0, 4.0, 4.0, 4.0, 2.0, 2.0, 2.0, 0.0, 0.0, 0.0]
--------------------------------------------------------------------------------------------------------------------------------------------------
ex-3:2      0     0     0     0     0     0     0     0     0     0     0     1     0     1     1     1     1     2     2     1     1     1     1     1     1     1     1     1     0     0     0     0     0     0     0
ex-2:2      0     0     0     1     1     1     0     1     1     0     0     0     1     0     0     0     1     0     0     0     0     0     1     1     1     1     0     0     2     1     1     1     0     0     0
ap-3:2      0     0     0     0     0     0     1     0     0     1     1     0     0     0     0     0     0     0     0     0     0     0     0     0     0     0     0     0     0     0     0     0     0     0     0
ap-4:2      0     0     0     0     0     0     0     0     0     0     0     0     0     0     0     0     0     0     0     0     0     0     0     0     0     0     0     0     0     0     0     0     0     0     0
[1.0, 1.0, 1.0, 1.0, 2.0, 2.0, 3.0, 1.0, 2.0, 3.0, 2.0, 2.0, 2.0, 3.0, 2.0, 3.0, 3.0, 4.0, 4.0, 4.0, 3.0, 3.0, 3.0, 4.0, 4.0, 5.0, 4.0, 3.0, 3.0, 3.0, 2.0, 2.0, 1.0, 0.0, 0.0]
--------------------------------------------------------------------------------------------------------------------------------------------------
step  1250 | loss=1934071.250 | area=936192.00 err=7903918.5000 | row-ok=0.000 λ_row=36.52 constraint=26.00 
