Pareto fronts:
Front 0: (744.39, 1.67255e+06) (744.39, 1.67255e+06) (744.39, 1.67255e+06) (745.47, 810528) (756.11, 669965) (799.29, 625778) (802.45, 532590) (807.54, 468032) (811.24, 436931) (813.09, 392612) (813.09, 392612) (813.09, 392612) (813.09, 392612) (817.64, 373554) (820.26, 369496) (820.26, 369496) (820.26, 369496) (820.26, 369496) (820.26, 369496) (820.26, 369496) (820.26, 369496) (820.26, 369496) (820.26, 369496) (820.26, 369496) (839.38, 363788) 
Front 1: (744.39, 1.67414e+06) (746.78, 1.22509e+06) (746.78, 1.22509e+06) (746.78, 1.22509e+06) (746.78, 1.22509e+06) (746.78, 1.22509e+06) (746.78, 1.22509e+06) (746.78, 1.22509e+06) (750.25, 955691) (756.11, 699044) (804.53, 608788) (807.46, 584490) (807.46, 584490) (807.46, 584490) (807.46, 584490) (807.46, 584490) (807.46, 584490) (814.17, 470802) (817.33, 393765) (835.68, 387325) (835.68, 387325) (835.68, 387325) (835.68, 387325) (847.09, 371583) (857.19, 366418) 
Front 2: (748.4, 1.32379e+07) (749.71, 5.05525e+06) (749.71, 5.05525e+06) (749.71, 5.05525e+06) (751.33, 2.15829e+06) (751.33, 2.15829e+06) (752.1, 1.28364e+06) (752.1, 1.28364e+06) (752.1, 1.28364e+06) (756.11, 699056) (804.53, 615955) (804.53, 615955) (804.53, 615955) (804.53, 615955) (804.53, 615955) (804.53, 615955) (810.39, 599133) (810.39, 599133) (810.39, 599133) (810.39, 599133) (817.33, 394106) (817.33, 394106) (850.02, 371980) 
Front 3: (749.71, 5.14564e+06) (749.71, 5.14564e+06) (751.33, 2.1709e+06) (752.1, 1.41476e+06) (752.1, 1.41476e+06) (752.1, 1.41476e+06) (752.1, 1.41476e+06) (755.03, 1.32729e+06) (755.03, 1.32729e+06) (755.03, 1.32729e+06) (755.03, 1.32729e+06) (756.11, 699064) (756.11, 699064) (756.11, 699064) (756.11, 699064) (756.11, 699064) (756.11, 699064) (756.11, 699064) (804.53, 615974) (804.53, 615974) (804.53, 615974) (804.53, 615974) (804.53, 615974) (804.53, 615974) (804.53, 615974) (804.53, 615974) (804.53, 615974) (804.53, 615974) (804.53, 615974) (804.53, 615974) (804.53, 615974) (804.53, 615974) (804.53, 615974) (804.53, 615974) (804.53, 615974) (804.53, 615974) (810.7, 611844) (817.33, 394253) 
Front 4: (751.33, 2.17542e+06) (751.33, 2.17542e+06) (753.72, 1.85089e+06) (753.72, 1.85089e+06) (753.72, 1.85089e+06) (753.72, 1.85089e+06) (753.72, 1.85089e+06) (765.13, 947414) (765.13, 947414) (765.13, 947414) (765.13, 947414) (776.85, 710174) (776.85, 710174) (776.85, 710174) (804.53, 621623) (809.39, 619128) (809.39, 619128) (821.57, 572203) (823.19, 427656) (824.5, 409767) (824.5, 409767) (824.5, 409767) (825.58, 406238) (825.58, 406238) (827.97, 397734) (829.82, 394439) (829.82, 394439) (829.82, 394439) (829.82, 394439) (829.82, 394439) (829.82, 394439) 
Front 5: (753.18, 8.71674e+06) (753.72, 1.87282e+06) (773.92, 1.50168e+06) (776.85, 713290) (804.53, 622012) (822.65, 575138) (822.65, 575138) (822.65, 575138) (822.65, 575138) (822.65, 575138) (822.65, 575138) (822.65, 575138) (822.65, 575138) (822.65, 575138) (822.65, 575138) (822.65, 575138) (822.65, 575138) (827.43, 507131) (827.43, 507131) (827.43, 507131) (827.43, 507131) (827.43, 507131) (827.43, 507131) (827.43, 507131) (827.43, 507131) (827.43, 507131) (827.43, 507131) (827.43, 507131) (827.43, 507131) (827.43, 507131) (827.43, 507131) (827.43, 507131) (827.97, 399758) (827.97, 399758) 
Front 6: (754.26, 2.47238e+06) (754.26, 2.47238e+06) (754.26, 2.47238e+06) (754.26, 2.47238e+06) (754.26, 2.47238e+06) (754.26, 2.47238e+06) (754.26, 2.47238e+06) (754.26, 2.47238e+06) (754.26, 2.47238e+06) (754.26, 2.47238e+06) (754.26, 2.47238e+06) (754.26, 2.47238e+06) (754.26, 2.47238e+06) (754.26, 2.47238e+06) (754.26, 2.47238e+06) (754.26, 2.47238e+06) (754.26, 2.47238e+06) (754.26, 2.47238e+06) (754.26, 2.47238e+06) (754.26, 2.47238e+06) (754.26, 2.47238e+06) (754.26, 2.47238e+06) (754.26, 2.47238e+06) (754.26, 2.47238e+06) (754.26, 2.47238e+06) (754.26, 2.47238e+06) (754.26, 2.47238e+06) (754.26, 2.47238e+06) (754.26, 2.47238e+06) (754.26, 2.47238e+06) (754.26, 2.47238e+06) (754.26, 2.47238e+06) (754.26, 2.47238e+06) (754.26, 2.47238e+06) (754.26, 2.47238e+06) (754.26, 2.47238e+06) (754.26, 2.47238e+06) (754.26, 2.47238e+06) (754.26, 2.47238e+06) (754.26, 2.47238e+06) (754.26, 2.47238e+06) (754.26, 2.47238e+06) (754.26, 2.47238e+06) (754.26, 2.47238e+06) (754.26, 2.47238e+06) (754.26, 2.47238e+06) (754.26, 2.47238e+06) (754.26, 2.47238e+06) (754.26, 2.47238e+06) (754.26, 2.47238e+06) (754.26, 2.47238e+06) (754.26, 2.47238e+06) (754.26, 2.47238e+06) (754.26, 2.47238e+06) (754.26, 2.47238e+06) (754.26, 2.47238e+06) (754.26, 2.47238e+06) (754.26, 2.47238e+06) (754.26, 2.47238e+06) (754.26, 2.47238e+06) (754.26, 2.47238e+06) (754.26, 2.47238e+06) (754.26, 2.47238e+06) (754.26, 2.47238e+06) (754.26, 2.47238e+06) (754.26, 2.47238e+06) (754.26, 2.47238e+06) (754.26, 2.47238e+06) (754.26, 2.47238e+06) (754.26, 2.47238e+06) (754.26, 2.47238e+06) (754.26, 2.47238e+06) (754.26, 2.47238e+06) (754.26, 2.47238e+06) (754.26, 2.47238e+06) (754.26, 2.47238e+06) (754.26, 2.47238e+06) (754.26, 2.47238e+06) (754.26, 2.47238e+06) (754.26, 2.47238e+06) (754.26, 2.47238e+06) (754.26, 2.47238e+06) (754.26, 2.47238e+06) (754.26, 2.47238e+06) (754.26, 2.47238e+06) (754.26, 2.47238e+06) (754.26, 2.47238e+06) (754.26, 2.47238e+06) (754.26, 2.47238e+06) (754.26, 2.47238e+06) (754.26, 2.47238e+06) (754.26, 2.47238e+06) (754.26, 2.47238e+06) (754.26, 2.47238e+06) (754.26, 2.47238e+06) (754.26, 2.47238e+06) (754.26, 2.47238e+06) (754.26, 2.47238e+06) (754.26, 2.47238e+06) (754.26, 2.47238e+06) (754.26, 2.47238e+06) (754.26, 2.47238e+06) (754.26, 2.47238e+06) (754.26, 2.47238e+06) (754.26, 2.47238e+06) (754.26, 2.47238e+06) (754.26, 2.47238e+06) (754.26, 2.47238e+06) (754.26, 2.47238e+06) (754.26, 2.47238e+06) (754.26, 2.47238e+06) (754.26, 2.47238e+06) (754.26, 2.47238e+06) (773.92, 1.51767e+06) (776.85, 716268) (805.61, 674219) (815.71, 637166) (829.28, 605822) (829.82, 405750) (829.82, 405750) (829.82, 405750) (829.82, 405750) (829.82, 405750) (829.82, 405750) (829.82, 405750) (829.82, 405750) (829.82, 405750) 
Front 7: (754.26, 2.47466e+06) (754.26, 2.47466e+06) (754.26, 2.47466e+06) (776.85, 723063) (806.92, 715530) (806.92, 715530) (808, 701435) (808.85, 692443) (812.55, 679722) (812.55, 679722) (816.25, 651093) (830.36, 532694) (832.75, 414184) (832.75, 414184) (832.75, 414184) (838.07, 412016) (838.07, 412016) 
Front 8: (754.8, 1.40431e+07) (754.8, 1.40431e+07) (754.8, 1.40431e+07) (754.8, 1.40431e+07) (754.8, 1.40431e+07) (754.8, 1.40431e+07) (754.8, 1.40431e+07) (754.8, 1.40431e+07) (754.8, 1.40431e+07) (754.8, 1.40431e+07) (754.8, 1.40431e+07) (754.8, 1.40431e+07) (754.8, 1.40431e+07) (754.8, 1.40431e+07) (754.8, 1.40431e+07) (754.8, 1.40431e+07) (754.8, 1.40431e+07) (754.8, 1.40431e+07) (754.8, 1.40431e+07) (754.8, 1.40431e+07) (754.8, 1.40431e+07) (754.8, 1.40431e+07) (754.8, 1.40431e+07) (754.8, 1.40431e+07) (754.8, 1.40431e+07) (754.8, 1.40431e+07) (754.8, 1.40431e+07) (754.8, 1.40431e+07) (754.8, 1.40431e+07) (754.8, 1.40431e+07) (754.8, 1.40431e+07) (754.8, 1.40431e+07) (754.8, 1.40431e+07) (754.8, 1.40431e+07) (754.8, 1.40431e+07) (754.8, 1.40431e+07) (754.8, 1.40431e+07) (754.8, 1.40431e+07) (754.8, 1.40431e+07) (754.8, 1.40431e+07) (754.8, 1.40431e+07) (754.8, 1.40431e+07) (754.8, 1.40431e+07) (754.8, 1.40431e+07) (754.8, 1.40431e+07) (754.8, 1.40431e+07) (754.8, 1.40431e+07) (754.8, 1.40431e+07) (754.8, 1.40431e+07) (754.8, 1.40431e+07) (754.8, 1.40431e+07) (754.8, 1.40431e+07) (757.19, 6.7507e+06) (757.19, 6.7507e+06) (757.19, 6.7507e+06) (757.19, 6.7507e+06) (757.19, 6.7507e+06) (757.19, 6.7507e+06) (757.19, 6.7507e+06) (757.42, 2.9545e+06) (768.06, 2.91188e+06) (777.93, 1.36749e+06) (780.86, 1.03576e+06) (782.71, 906145) (790.96, 853222) (806.92, 715541) (806.92, 715541) (806.92, 715541) (806.92, 715541) (806.92, 715541) (806.92, 715541) (818.41, 681058) (822.11, 656495) (822.11, 656495) (822.11, 656495) (822.11, 656495) (822.11, 656495) (822.11, 656495) (830.36, 538534) (832.75, 414326) 
Front 9: (756.65, 2.67438e+07) (756.65, 2.67438e+07) (756.65, 2.67438e+07) (756.65, 2.67438e+07) (756.65, 2.67438e+07) (757.42, 3.04471e+06) (757.42, 3.04471e+06) (757.42, 3.04471e+06) (757.42, 3.04471e+06) (757.42, 3.04471e+06) (757.42, 3.04471e+06) (757.42, 3.04471e+06) (777.93, 1.3675e+06) (782.71, 906147) (790.96, 856991) (808, 731627) (808, 731627) (808, 731627) (808, 731627) (808, 731627) (808, 731627) (808, 731627) (822.11, 678215) (831.67, 541875) (834.6, 438837) (834.6, 438837) (834.6, 438837) (834.6, 438837) (834.6, 438837) (834.6, 438837) (834.6, 438837) (834.6, 438837) (835.14, 425501) (835.14, 425501) (839.92, 415563) (839.92, 415563) 
Front 10: (756.65, 2.67473e+07) (757.42, 3.06285e+06) (757.42, 3.06285e+06) (757.42, 3.06285e+06) (757.42, 3.06285e+06) (757.42, 3.06285e+06) (757.42, 3.06285e+06) (757.42, 3.06285e+06) (757.42, 3.06285e+06) (757.42, 3.06285e+06) (757.42, 3.06285e+06) (757.42, 3.06285e+06) (757.42, 3.06285e+06) (757.42, 3.06285e+06) (757.42, 3.06285e+06) (757.42, 3.06285e+06) (779.78, 1.72076e+06) (779.78, 1.72076e+06) (783.48, 1.19955e+06) (791.27, 892120) (810.93, 851950) (814.4, 771451) (814.4, 771451) (814.4, 771451) (814.4, 771451) (814.4, 771451) (814.4, 771451) (826.89, 695487) (832.21, 577497) (832.21, 577497) (832.21, 577497) (832.21, 577497) (832.21, 577497) (837.53, 435473) (837.53, 435473) (837.53, 435473) (837.53, 435473) (842.31, 435131) (842.31, 435131) (842.31, 435131) (842.31, 435131) (842.31, 435131) 
Front 11: (757.96, 9.66885e+06) (757.96, 9.66885e+06) (760.35, 6.72252e+06) (760.35, 6.72252e+06) (760.35, 6.72252e+06) (760.35, 6.72252e+06) (762.74, 4.63251e+06) (762.74, 4.63251e+06) (762.74, 4.63251e+06) (762.74, 4.63251e+06) (762.74, 4.63251e+06) (772.07, 3.86434e+06) (779.78, 1.80896e+06) (784.56, 1.62943e+06) (799.21, 1.14912e+06) (799.21, 1.14912e+06) (801.06, 1.04681e+06) (801.06, 1.04681e+06) (801.06, 1.04681e+06) (801.06, 1.04681e+06) (809.08, 994026) (809.08, 994026) (809.08, 994026) (809.08, 994026) (810.93, 854228) (816.56, 799577) (832.21, 603299) (841.77, 569582) (844.16, 538103) (844.7, 455619) (844.7, 455619) (847.63, 453498) (847.63, 453498) (847.63, 453498) 
Front 12: (760.35, 7.03116e+06) (760.35, 7.03116e+06) (760.35, 7.03116e+06) (762.74, 4.64257e+06) (780.32, 3.59407e+06) (785.64, 3.40046e+06) (793.35, 2.60782e+06) (793.89, 1.93306e+06) (803.99, 1.10467e+06) (803.99, 1.10467e+06) (811.78, 898019) (814.94, 895344) (814.94, 895344) (832.21, 605654) (832.21, 605654) (844.7, 455633) 
Front 13: (760.35, 7.45492e+06) (773.38, 6.4444e+06) (773.38, 6.4444e+06) (773.38, 6.4444e+06) (773.38, 6.4444e+06) (773.38, 6.4444e+06) (782.17, 5.78533e+06) (785.64, 3.68318e+06) (785.64, 3.68318e+06) (793.89, 1.93308e+06) (803.99, 1.11132e+06) (825.04, 1.03755e+06) (836.99, 633474) (849.48, 495891) 
Front 14: (770.99, 1.31283e+07) (776.31, 1.05048e+07) (776.31, 1.05048e+07) (785.64, 3.68333e+06) (802.14, 3.63966e+06) (802.14, 3.63966e+06) (803.99, 1.11463e+06) (803.99, 1.11463e+06) (825.04, 1.04276e+06) (825.04, 1.04276e+06) (825.04, 1.04276e+06) (825.04, 1.04276e+06) (825.04, 1.04276e+06) (825.04, 1.04276e+06) (825.04, 1.04276e+06) (825.04, 1.04276e+06) (825.04, 1.04276e+06) (825.04, 1.04276e+06) (825.04, 1.04276e+06) (825.04, 1.04276e+06) (825.04, 1.04276e+06) (825.04, 1.04276e+06) (825.04, 1.04276e+06) (825.04, 1.04276e+06) (825.04, 1.04276e+06) (825.04, 1.04276e+06) (825.04, 1.04276e+06) (825.04, 1.04276e+06) (825.04, 1.04276e+06) 
Front 15: (787.49, 6.47547e+06) (800.83, 4.71111e+06) (802.14, 3.63967e+06) (803.99, 1.12458e+06) (803.99, 1.12458e+06) 
Front 16: (791.27, 1.75773e+08) (793.89, 9.38944e+06) (793.89, 9.38944e+06) (798.67, 8.38753e+06) (801.06, 7.42912e+06) (801.06, 7.42912e+06) (801.6, 6.54732e+06) (801.6, 6.54732e+06) (801.6, 6.54732e+06) (802.14, 4.74686e+06) (804.07, 1.84847e+06) (811.47, 1.25015e+06) (811.47, 1.25015e+06) (811.47, 1.25015e+06) (811.47, 1.25015e+06) (811.47, 1.25015e+06) 
Front 17: (796.28, 1.33908e+07) (796.28, 1.33908e+07) (796.28, 1.33908e+07) (798.67, 1.1122e+07) (803.99, 8.45891e+06) (805.07, 6.10176e+06) (805.07, 6.10176e+06) (805.07, 6.10176e+06) (805.07, 6.10176e+06) (805.07, 6.10176e+06) (805.07, 6.10176e+06) (806.15, 3.65534e+06) (806.15, 3.65534e+06) (808.54, 2.16718e+06) (842.85, 2.11182e+06) 
Front 18: (796.28, 1.35084e+07) (796.28, 1.35084e+07) (796.28, 1.35084e+07) (798.67, 1.19538e+07) (801.06, 1.16292e+07) (801.06, 1.16292e+07) (803.99, 8.49354e+06) (803.99, 8.49354e+06) (803.99, 8.49354e+06) (803.99, 8.49354e+06) (805.07, 6.1057e+06) (806.15, 3.65535e+06) (806.15, 3.65535e+06) (806.15, 3.65535e+06) (806.15, 3.65535e+06) (806.15, 3.65535e+06) (806.15, 3.65535e+06) (806.15, 3.65535e+06) (806.15, 3.65535e+06) (806.15, 3.65535e+06) (808.54, 2.44631e+06) (808.54, 2.44631e+06) (808.54, 2.44631e+06) (808.54, 2.44631e+06) 
Front 19: (798.67, 1.23795e+07) (803.99, 8.49494e+06) (806.92, 7.39272e+06) (807.46, 4.22705e+06) (817.87, 3.58425e+06) (817.87, 3.58425e+06) (817.87, 3.58425e+06) (817.87, 3.58425e+06) (817.87, 3.58425e+06) (817.87, 3.58425e+06) (817.87, 3.58425e+06) (840.46, 2.71492e+06) (840.46, 2.71492e+06) 
Front 20: (798.67, 1.64804e+07) (798.67, 1.64804e+07) (798.67, 1.64804e+07) (798.67, 1.64804e+07) (801.6, 1.33825e+07) (801.6, 1.33825e+07) (801.6, 1.33825e+07) (803.99, 8.52097e+06) (806.92, 7.51383e+06) (806.92, 7.51383e+06) (806.92, 7.51383e+06) (807.46, 5.21465e+06) 
Front 21: (799.21, 2.07976e+07) (799.21, 2.07976e+07) (804.53, 9.71088e+06) (804.53, 9.71088e+06) (806.92, 9.64883e+06) (806.92, 9.64883e+06) (806.92, 9.64883e+06) (806.92, 9.64883e+06) 
Front 22: (799.29, 2.45436e+08) (802.45, 1.90691e+08) (804.53, 9.82896e+06) (804.53, 9.82896e+06) (804.53, 9.82896e+06) 
Front 23: (804.07, 2.46182e+08) (804.53, 9.84921e+06) 
Front 24: (804.53, 1.19246e+07) (804.53, 1.19246e+07) (804.53, 1.19246e+07) (804.53, 1.19246e+07) (804.53, 1.19246e+07) (804.53, 1.19246e+07) 
Front 25: (804.53, 1.86847e+07) (804.53, 1.86847e+07) (804.53, 1.86847e+07) (804.53, 1.86847e+07) (804.53, 1.86847e+07) (804.53, 1.86847e+07) (804.53, 1.86847e+07) (804.53, 1.86847e+07) (804.53, 1.86847e+07) (804.53, 1.86847e+07) (804.53, 1.86847e+07) (804.53, 1.86847e+07) (804.53, 1.86847e+07) (804.53, 1.86847e+07) (805.07, 1.32862e+07) (808, 1.24231e+07) (808.54, 1.22903e+07) 
Front 26: (805.07, 1.42123e+07) (805.07, 1.42123e+07) (807.46, 1.36945e+07) 
Front 27: (805.07, 1.43157e+07) 
Front 28: (806.15, 1.70927e+07) (808, 1.55067e+07) (808.54, 1.50693e+07) 
Front 29: (806.15, 1.70928e+07) (810.39, 1.6679e+07) (811.47, 1.55584e+07) 
Front 30: (806.15, 1.81438e+07) (810.93, 1.75163e+07) 
Front 31: (806.15, 1.94683e+07) (808, 1.83078e+07) 
Front 32: (806.15, 2.13579e+07) (808, 2.10949e+07) (815.71, 1.83198e+07) 
Front 33: (806.15, 2.31494e+07) (808.54, 2.15007e+07) 
Front 34: (806.15, 3.20689e+07) (808, 3.17964e+07) (808.54, 2.29377e+07) 
Front 35: (806.15, 3.32468e+07) (806.15, 3.32468e+07) (808.54, 2.71081e+07) (810.39, 2.57452e+07) 
Front 36: (806.15, 7.8093e+07) (806.15, 7.8093e+07) (809.08, 2.90501e+07) 
Front 37: (807.54, 2.47854e+08) (808.85, 2.46077e+08) (809.08, 3.36904e+07) (810.39, 3.26113e+07) (811.47, 2.99036e+07) (811.47, 2.99036e+07) (811.47, 2.99036e+07) 
Front 38: (809.08, 3.8262e+07) 
Front 39: (809.08, 6.91151e+07) (810.39, 6.05014e+07) (810.93, 4.39821e+07) 
Front 40: (809.39, 2.26078e+08) (811.24, 2.06355e+08) (811.47, 7.03799e+07) (814.94, 6.77308e+07) (816.25, 4.63633e+07) 
Front 41: (809.39, 2.42143e+08) (810.7, 2.35695e+08) (811.78, 2.31976e+08) (812.55, 8.50831e+07) (812.55, 8.50831e+07) (813.09, 7.28427e+07) 
Front 42: (813.09, 2.15218e+08) (814.4, 9.66377e+07) (814.4, 9.66377e+07) (814.4, 9.66377e+07) (814.4, 9.66377e+07) (814.4, 9.66377e+07) (814.4, 9.66377e+07) 
Front 43: (813.09, 3.63186e+08) (813.09, 3.63186e+08) (814.17, 2.4039e+08) (817.33, 1.98275e+08) 
Front 44: (814.94, 2.58379e+08) (816.56, 2.43807e+08) (825.04, 2.39531e+08) 
Front 45: (817.33, 2.68657e+08) (817.33, 2.68657e+08) (817.87, 2.51115e+08) (825.58, 2.41658e+08) 
Front 46: (817.33, 3.05812e+08) (817.64, 2.94613e+08) (817.87, 2.74559e+08) (820.26, 2.6914e+08) (822.65, 2.53904e+08) (832.75, 2.47785e+08) 
Front 47: (817.87, 2.77218e+08) (817.87, 2.77218e+08) (820.26, 2.69402e+08) (822.65, 2.56018e+08) (835.68, 2.49043e+08) 
Front 48: (817.87, 3.12393e+08) (820.26, 2.81436e+08) (820.26, 2.81436e+08) (822.11, 2.74455e+08) (822.65, 2.66973e+08) (835.68, 2.50506e+08) 
Front 49: (817.87, 3.57612e+08) (818.41, 3.25095e+08) (820.26, 3.17604e+08) (822.11, 2.85409e+08) (825.04, 2.67913e+08) 
Front 50: (817.87, 3.96556e+08) (820.26, 3.37304e+08) (822.11, 3.0951e+08) (822.65, 2.86414e+08) (827.43, 2.79366e+08) 
Front 51: (820.26, 3.62158e+08) (822.11, 3.25849e+08) (822.11, 3.25849e+08) (822.65, 2.86711e+08) 
Front 52: (820.26, 3.64394e+08) (822.11, 3.31859e+08) (822.65, 3.05545e+08) 
Front 53: (820.26, 3.85542e+08) (822.65, 3.40913e+08) (823.19, 3.26198e+08) (825.04, 3.06545e+08) 
Front 54: (820.26, 4.02643e+08) (822.65, 3.76657e+08) (824.5, 3.69748e+08) (825.04, 3.14791e+08) (827.43, 3.12423e+08) 
Front 55: (821.57, 4.36984e+08) (822.65, 3.90082e+08) (824.5, 3.78314e+08) (825.04, 3.48379e+08) (827.43, 3.40323e+08) (834.6, 3.37323e+08) 
Front 56: (822.11, 4.39469e+08) (822.65, 3.91628e+08) (825.04, 3.51823e+08) (835.14, 3.38479e+08) 
Front 57: (822.65, 3.93783e+08) (825.04, 3.54229e+08) (837.53, 3.52549e+08) (838.07, 3.46098e+08) 
Front 58: (822.65, 4.99099e+08) (824.5, 4.31245e+08) (825.04, 3.60225e+08) (829.82, 3.58551e+08) 
Front 59: (825.04, 3.61107e+08) (827.43, 3.60609e+08) 
Front 60: (825.04, 3.64466e+08) (827.43, 3.62568e+08) (829.82, 3.61972e+08) 
Front 61: (825.04, 3.67412e+08) (837.53, 3.61973e+08) 
Front 62: (825.04, 3.96022e+08) (825.04, 3.96022e+08) (827.43, 3.83135e+08) (829.82, 3.72692e+08) (830.36, 3.69937e+08) 
Front 63: (825.04, 4.00369e+08) (827.43, 3.98314e+08) (829.82, 3.7624e+08) (832.21, 3.72164e+08) (832.75, 3.71255e+08) 
Front 64: (825.04, 4.2297e+08) (827.97, 4.04921e+08) (829.82, 3.83858e+08) (832.21, 3.72486e+08) 
Front 65: (825.04, 4.25037e+08) (829.82, 3.9628e+08) (830.36, 3.85575e+08) (832.21, 3.84635e+08) (832.21, 3.84635e+08) (834.6, 3.8175e+08) (834.6, 3.8175e+08) (839.92, 3.80167e+08) 
Front 66: (825.04, 4.51171e+08) (829.82, 4.01144e+08) (832.21, 3.8986e+08) (834.6, 3.8867e+08) (835.14, 3.86075e+08) (841.77, 3.82279e+08) (842.31, 3.80647e+08) (842.31, 3.80647e+08) 
Front 67: (825.04, 4.76688e+08) (825.58, 4.57833e+08) (829.82, 4.07119e+08) (838.07, 3.88699e+08) (842.31, 3.86963e+08) (847.63, 3.82652e+08) 
Front 68: (825.04, 4.7675e+08) (827.43, 4.61638e+08) (827.43, 4.61638e+08) (829.82, 4.08988e+08) (839.38, 4.04451e+08) (840.46, 3.96256e+08) (842.31, 3.95498e+08) (847.63, 3.89228e+08) 
Front 69: (825.04, 4.77996e+08) (827.43, 4.65101e+08) (829.82, 4.55116e+08) (831.67, 4.28203e+08) (836.99, 4.2211e+08) (842.31, 4.04532e+08) (842.85, 3.99279e+08) (849.48, 3.98566e+08) 
Front 70: (825.04, 4.80278e+08) (827.43, 4.69806e+08) (829.82, 4.64752e+08) (832.75, 4.32371e+08) (837.53, 4.25643e+08) (844.7, 4.24736e+08) (847.63, 4.08979e+08) 
Front 71: (825.04, 4.91145e+08) (826.89, 4.82227e+08) (827.43, 4.76176e+08) (827.43, 4.76176e+08) (832.21, 4.69337e+08) (832.75, 4.56529e+08) (840.46, 4.42042e+08) (844.7, 4.25435e+08) (850.02, 4.2219e+08) 
