# Final evaluation results after full training

==== Trained Connection Evaluation ====
pred-acc:
[  0.   0.   0.   0.   0.   0.   0.   0.   0.   0.   0.   0.   0.   0.
   0.   0.   0.   0.   0.   0.   0.   0.   0.   0.   0.   0.   0.   0.
   0.   0.   0.   0.   0.   0.   0.   0.   0.   0.   0.   0.   0.   0.
   0.   0.   0.   0.   0.   0.   0.   0.   0.   0.   0.   0.   0.   0.
   0.   0.   0.   0.   0.   0.   0.   0.   0.   0.   0.   0.   0.   0.
   0.   0.   0.   0.   0.   0.   0.   0.   0.   0.   0.   0.   0.   0.
   0.   0.   0.   0.   0.   0.   0.   0.   0.   0.   0.   0.   0.   0.
   0.   0.   0.   0.   0.   0.   0.   0.   0.   0.   0.   0.   0.   0.
   0.   0.   0.   0.   0.   0.   0.   0.   0.   0.   0.   0.   0.   0.
   0.   0.   0.   0.   0.   0.   0.   0.   0.   0.   0.   0.   0.   0.
   0.   0.   0.   0.   0.   0.   0.   0.   0.   0.   0.   0.   0.   0.
   0.   0.   0.   0.   0.   0.   0.   0.   0.   0.   0.   0.   0.   0.
   0.   0.   0.   0.   0.   0.   0.   0.   0.   0.   0.   0.   0.   0.
   0.   0.   0.   0.   0.   0.   0.   0.   0.   0.   0.   0.   0.   0.
   0.   0.   0.   0.   0.   0.   0.   0.   0.   0. -16. -16.   0.   0.
   0.   0.   0.   0.   0.   0.   0.   0.   0.   0.   0.   0. -16. -16.
   0.   0.   0.   0.   0.   0.   0.   0.   0.   0.   0.   0.   0.   0.
   0.   0.   0.   0.   0.   0.   0.   0.   0.   0.   0.   0. -16. -16.
 -32. -32. -48. -48.   0.   0.   0.   0.   0.   0.   0.   0.   0.   0.
   0.   0.   0.   0.   0.   0.   0.   0.   0.   0.   0.   0.   0.   0.
   0.   0.   0.   0.   0.   0.   0.   0.   0.   0.   0.   0.   0.   0.
   0.   0.   0.   0.   0.   0.   0.   0.   0.   0.   0.   0.   0.   0.
   0.   0.   0.   0.   0.   0.   0.   0.   0.   0.   0.   0.   0.   0.
   0.   0.   0.   0.   0.   0.   0.   0.   0.   0.   0.   0.   0.   0.
   0.   0.   0.   0.   0.   0.   0. -32.   0.   0.   0.   0.   0.   0.
   0. -32.   0.   0.   0.   0.   0.   0.   0.   0.   0.   0.   0.   0.
   0.   0.   0.   0.   0.   0.   0.   0.   0. -32. -32. -32.   0.   0.
   0.   0. -32. -32. -32. -48.   0.   0.   0.   0.   0.   0.   0.   0.
   0.   0.   0.   0.   0.   0.   0.   0.   0.   0.   0.   0.   0.   0.
   0.   0.   0.   0.   0.   0.   0.   0.   0.   0.   0.   0.   0.   0.
   0.   0.   0.   0.   0.   0.   0.   0.   0.   0.   0.   0.   0.   0.
   0.   0.   0.   0.   0.   0.   0.   0.   0.   0.   0.   0.   0.   0.
   0.   0.   0.   0.   0.   0.   0.   0.   0.   0.   0. -16.   0.   0.
   0. -16.   0.   0.   0.   0.   0. -32. -32. -32.   0.   0.   0. -16.
   0.   0.   0. -16.   0.   0.   0.   0.   0.   0.   0.   0.   0.   0.
 -16.   0.   0.   0. -16. -16.   0.   0.   0.   0. -32. -32. -32. -64.
   0. -32. -32. -48.   0. -16. -32. -32.   0.   0.   0.   0.   0.   0.
   0.   0.   0.   0.   0.   0.   0.   0.   0.   0.   0.   0.   0.   0.
   0.   0.   0.   0.   0.   0.   0.   0.   0.   0.   0.   0.   0.   0.
   0.   0.   0.   0.   0.   0.   0.   0.   0.   0.   0.   0.   0.   0.
   0.   0.   0.   0.   0.   0.   0.   0.   0.   0.   0.   0.   0.   0.
   0.   0.   0.   0.   0.   0.   0.   0.   0.   0.   0.   0.   0.   0.
   0.   0.   0.   0.   0.   0.   0.   0.   0.   0.   0.   0.   0.   0.
   0.   0.   0.   0.   0.   0.   0.   0.   0.   0.   0.   0.   0.   0.
   0.   0.   0.   0.   0.   0.   0.   0.   0.   0.   0. -32.   0.   0.
   0. -32.   0.   0.   0. -32.   0.   0. -32. -32.   0.   0.   0.   0.
   0.   0.   0.   0.   0.   0.   0.   0.   0.   0.   0.   0.   0.   0.
   0.   0.   0.   0.   0.   0.   0.   0.   0.   0.   0.   0.   0.   0.
   0.   0.   0.   0.   0.   0.   0.   0.   0.   0.   0.   0.   0.   0.
   0.   0.   0.   0.   0.   0.   0.   0.   0.   0.   0.   0.   0.   0.
   0.   0.   0.   0.   0.   0.   0.   0.   0.   0.   0.   0.   0.   0.
   0. -16.   0.   0. -16.   0.   0.   0.   0.   0.   0.   0.   0. -32.
   0.   0.   0. -16.   0. -32. -16.   0.   0.   0.   0.   0.   0.   0.
   0.   0.   0.   0.   0. -16.   0.   0.   0. -16.   0.   0.   0. -32.
   0.   0. -32. -32.   0. -32. -16.   0. -32. -64. -16. -32.   0.   0.
   0.   0.   0.   0.   0.   0.   0.   0.   0.   0.   0.   0.   0.   0.
   0.   0.   0.   0.   0.   0.   0.   0.   0.   0.   0.   0.   0.   0.
   0.   0.   0.   0.   0.   0.   0.   0.   0.   0.   0.   0.   0.   0.
   0.   0.   0.   0.   0.   0.   0.   0.   0.   0.   0.   0.   0.   0.
   0. -32.   0.   0.   0.   0.   0.   0.   0.   0.   0.   0.   0.   0.
   0.   0.   0.   0.   0.   0.   0.   0.   0.   0.   0. -32.   0. -32.
   0.   0.   0.   0.   0. -32.   0. -32.   0.   0.   0.   0.   0.   0.
   0.   0.   0.   0.   0.   0.   0.   0.   0.   0.   0. -16.   0.   0.
 -32. -32.   0. -32.   0. -32.   0.   0. -32. -64. -32. -32.   0. -32.
   0.   0.   0.   0.   0.   0.   0.   0.   0.   0.   0.   0.   0.   0.
   0.   0.   0.   0.   0.   0.   0.   0.   0.   0.   0.   0.   0.   0.
   0.   0.   0.   0.   0.   0.   0.   0.   0.   0.   0.   0.   0.   0.
   0.   0.   0.   0.   0. -32.   0.   0.   0.   0.   0.   0.   0.   0.
   0.   0.   0.   0.   0.   0.   0. -32.   0.   0.   0.   0.   0.   0.
   0.   0.   0.   0.   0.   0.   0.   0.   0. -32.   0.   0.   0. -32.
   0. -32.   0. -32.   0.   0.   0.   0.   0.   0. -32. -64.   0.   0.
   0.   0.   0.   0.   0.   0.   0.   0. -16. -16.   0. -16. -16. -32.
   0.   0. -32. -32. -32. -64.   0. -32.   0. -32.   0. -32.   0. -32.
 -64. -80.]
MED: 2.968750

==== Random 1v1 Connection Evaluation ====
pred-acc:
[  0.   0.   0.   0.   0.   0.   0.   0.   0.   0.   0.   0.   0.   0.
   0.   0.   0.   0.   0.   0.   0.   0.   0.   0.   0.   0.   0.   0.
   0.   0.   0.   0.   0.   0.   0.   0.   0.   0.   0.   0.   0.   0.
   0.   0.   0.   0.   0.   0.   0.   0.   0.   0.   0.   0.   0.   0.
   0.   0.   0.   0.   0.   0.   0.   0.   0.   0.   0.   0.   0.   0.
   0.   0.   0.   0.   0.   0.   0.   0.   0.   0.   0.   0.   0.   0.
   0.   0.   0.   0.   0.   0.   0.   0.   0.   0.   0.   0.   0.   0.
   0.   0.   0.   0.   0.   0.   0.   0.   0.   0.   0.   0.   0.   0.
   0.   0.   0.   0.   0.   0.   0.   0.   0.   0.   0.   0. -16. -16.
 -16. -16.   0.   0.   0.   0.   0.   0.   0.   0.   0.   0.   0.   0.
   0.   0.   0.   0.   0.   0.   0.   0.   0.   0.   0.   0.   0.   0.
   0.   0.   0.   0.   0.   0.   0.   0.   0.   0.   0.   0.   0.   0.
   0.   0.   0.   0.   0.   0.   0.   0.   0.   0.   0.   0.   0.   0.
   0. -16.   0.   0.   0.   0.   0. -16.   0.   0.   0.   0.   0.   0.
   0.   0.   0.   0.   0.   0.   0.   0.   0.   0.   0.   0.   0.   0.
   0.   0.   0.   0.   0.   0.   0.   0.   0.   0.   0.   0.   0.   0.
   0.   0.   0.   0.   0.   0.   0.   0.   0.   0.   0.   0.   0.   0.
   0.   0.   0.   0.   0.   0.   0. -16. -16. -16.   0.   0.   0.   0.
   0.   0. -16. -16.   0.   0.   0.   0.   0.   0.   0.   0.   0.   0.
   0.   0.   0.   0.   0.   0.   0.   0.   0.   0.   0.   0.   0.   0.
   0.   0.   0.   0.   0.   0.   0.   0.   0.   0.   0.   0.   0.   0.
   0.   0.   0.   0.   0.   0.   0.   0.   0.   0.   0.   0.   0.   0.
   0.   0.   0.   0.   0.   0.   0.   0.   0.   0.   0.   0.   0.   0.
   0.   0.   0.   0.   0.   0.   0.   0.   0.   0.   0.   0.   0. -16.
   0.   0.   0.   0.   0.   0.   0.   0.   0.   0.   0.   0.   0.   0.
   0. -16.   0.   0.   0.   0.   0.   0.   0.   0.   0.   0.   0.   0.
   0.   0. -16.   0.   0.   0.   0.   0.   0.   0.   0.   0.   0.   0.
   0. -32. -16.   0.   0.   0.   0.   0.   0.   0.   0.   0.   0.   0.
   0.   0.   0.   0.   0.   0.   0.   0.   0.   0.   0.   0.   0.   0.
   0.   0.   0.   0.   0.   0.   0.   0.   0.   0.   0.   0.   0.   0.
   0.   0.   0.   0.   0.   0.   0.   0.   0.   0.   0.   0.   0.   0.
   0.   0.   0. -16.   0. -32.   0.   0.   0.   0.   0.   0.   0.   0.
   0.   0.   0.   0.   0.   0. -16.   0.   0.   0.   0.   0.   0.   0.
   0. -16.   0.   0.   0.   0.   0.   0. -16.   0.   0.   0.   0.   0.
   0.   0.   0. -16.   0.   0.   0.   0.   0.   0. -16.   0.   0.   0.
   0.   0.   0.   0. -16. -16.   0.   0.   0.   0.   0. -16.   0.   0.
   0.   0.   0.   0.   0. -16. -32. -32.   0.   0.   0.   0.   0.   0.
   0.   0.   0.   0.   0.   0.   0.   0.   0.   0.   0.   0.   0.   0.
   0.   0.   0.   0.   0.   0.   0.   0.   0.   0.   0.   0.   0.   0.
   0.   0.   0.   0.   0.   0.   0.   0.   0.   0.   0.   0.   0.   0.
   0.   0.   0.   0.   0.   0.   0.   0.   0.   0.   0.   0.   0.   0.
   0.   0.   0.   0.   0.   0.   0.   0.   0.   0.   0.   0.   0.   0.
   0.   0.   0.   0.   0.   0.   0.   0.   0.   0.   0.   0.   0.   0.
   0.   0.   0.   0.   0.   0.   0.   0.   0.   0.   0.   0.   0.   0.
   0.   0.   0.   0.   0. -16.   0. -16.   0.   0.   0. -32.   0.   0.
   0. -32.   0.   0.   0. -32. -16.   0. -16. -32.   0.   0.   0.   0.
   0.   0.   0.   0.   0.   0.   0.   0.   0.   0.   0.   0.   0.   0.
   0.   0.   0.   0.   0.   0.   0.   0.   0.   0.   0.   0.   0.   0.
   0.   0.   0.   0.   0.   0.   0. -16.   0.   0.   0.   0.   0. -16.
 -32. -32.   0.   0.   0.   0.   0.   0.   0.   0.   0.   0.   0. -32.
   0.   0. -32. -64.   0.   0.   0.   0.   0.   0.   0. -16.   0.   0.
   0. -16.   0.   0. -32. -32.   0.   0.   0.   0.   0.   0.   0. -16.
   0.   0.   0. -16.   0.   0.   0.   0.   0.   0.   0.   0.   0. -16.
   0. -16.   0.   0. -32. -32.   0.   0. -32. -48.   0.   0.   0. -32.
   0.   0. -16. -32.   0.   0.   0. -32.   0.   0. -16. -32.   0.   0.
   0.   0.   0.   0.   0. -32.   0.   0.   0.   0.   0.   0.   0. -32.
   0.   0.   0.   0.   0.   0.   0. -32.   0.   0.   0.   0.   0.   0.
   0. -32.   0.   0.   0.   0.   0.   0.   0. -32.   0.   0.   0.   0.
   0.   0.   0. -32.   0.   0.   0.   0.   0.   0. -32. -32.   0.   0.
   0.   0.   0.   0. -32. -32.   0.   0.   0.   0.   0.   0.   0. -32.
   0.   0.   0.   0.   0. -16.   0. -32.   0.   0.   0. -32.   0.   0.
   0.   0.   0.   0.   0. -32.   0. -16.   0.   0.   0.   0.   0.   0.
   0.   0.   0. -32.   0.   0.   0. -32.   0.   0. -16. -64.   0.   0.
 -32. -32.   0.   0.   0.   0.   0. -32. -32. -64. -16.   0.   0. -32.
   0.   0.   0.   0.   0.   0.   0. -64.   0.   0.   0. -32.   0.   0.
   0. -32.   0.   0.   0.   0.   0.   0.   0. -64.   0.   0.   0. -32.
   0.   0.   0. -32.   0.   0.   0.   0.   0. -16.   0. -64.   0.   0.
   0. -32.   0.   0.   0. -32.   0.   0.   0.   0.   0.   0. -32. -64.
   0.   0. -32. -32.   0.   0. -32. -32.   0.   0.   0.   0.   0. -16.
 -16. -64.   0.   0.   0. -64.   0.   0.   0. -32.   0.   0.   0. -32.
   0. -16. -16. -32.   0.   0.   0. -32.   0.   0. -32. -64.   0.   0.
   0.   0.   0. -16. -16. -64.   0.   0. -32. -64.   0. -16. -16. -32.
   0.   0. -32. -32.   0.   0.   0. -32.   0.   0. -32. -32.   0. -32.
 -64. -80.]
MED: 3.812500
