Front 0: (741.31, 655594) (744.51, 568398) (747.71, 538534) (750.37, 517479) (762.09, 514305) 
Front 1: (742.39, 705891) (743.43, 699840) (743.7, 666038) (744.51, 583827) (746.9, 570221) (750.37, 520960) (752.26, 518444) 
Front 2: (743.16, 736589) (743.97, 695062) (744.24, 680711) (744.51, 603691) (746.9, 592167) (748.75, 588833) (750.37, 540389) (750.64, 521929) (766.06, 519973) 
Front 3: (743.7, 780420) (744.51, 636659) (745.82, 609994) (748.75, 609817) (750.64, 599724) (751.14, 572199) (751.41, 525726) (755.42, 522955) 
Front 4: (744.55, 1.6175e+06) (745.01, 906938) (745.55, 694005) (746.13, 693116) (746.36, 632861) (746.9, 611530) (750.87, 611266) (751.14, 578082) (751.41, 558167) (754.61, 529395) 
Front 5: (745.82, 741964) (746.13, 729037) (746.36, 678706) (746.36, 670417) (746.9, 637544) (748.48, 620155) (751.14, 586645) (752.99, 562078) (754.61, 549744) (755.42, 538960) (758.85, 534774) 
Front 6: (746.36, 710093) (747.94, 643518) (750.87, 621385) (751.14, 607274) (751.91, 593315) (752.99, 578124) (754.88, 553184) 
Front 7: (746.67, 1.5918e+06) (747.9, 924408) (747.94, 659494) (747.94, 644094) (751.37, 627204) (751.41, 611407) (751.91, 602861) (752.72, 593958) (753.26, 583274) (755.38, 563412) (759.35, 560583) 
Front 8: (747.9, 936069) (747.94, 694110) (748.21, 653106) (749.79, 644162) (751.37, 633832) (751.91, 605148) (752.99, 594753) (753.26, 593095) (755.38, 572378) (759.35, 568681) 
Front 9: (748.21, 663546) (748.98, 658714) (749.02, 657697) (750.64, 653120) (750.87, 651280) (750.87, 648378) (751.37, 636322) (751.91, 609740) (752.99, 595164) (753.26, 593392) (755.92, 579002) 
Front 10: (748.21, 775559) (748.48, 687990) (749.06, 678028) (749.25, 667365) (749.79, 658218) (751.37, 637667) (751.91, 610918) (753.26, 601719) (753.76, 601410) (759.35, 591275) 
Front 11: (748.25, 1.58297e+06) (748.52, 1.55889e+06) (749.25, 683999) (749.52, 679386) (749.79, 659165) (751.37, 643579) (751.91, 612464) (752.99, 612230) (753.26, 602305) (759.35, 597342) 
Front 12: (748.25, 1.40672e+07) (748.29, 2.79868e+06) (749.29, 688214) (750.06, 662681) (750.33, 661329) (751.37, 643815) (751.91, 635352) (752.49, 627391) (752.72, 613069) (754.03, 611499) (754.03, 604904) 
Front 13: (748.83, 2.8516e+06) (749.33, 1.68122e+06) (749.52, 727077) (750.06, 669049) (751.37, 644093) (752.45, 638243) (752.72, 626598) (753.76, 615990) (754.03, 615498) (754.3, 613240) (754.84, 605812) 
Front 14: (749.75, 872100) (750.06, 673486) (751.1, 672531) (751.37, 644517) (752.72, 635581) (753.76, 616958) (754.03, 615669) (754.84, 612254) (755.11, 610183) 
Front 15: (750.06, 731552) (750.33, 678674) (751.1, 678450) (751.37, 645344) (753.57, 639424) (753.76, 623996) (753.8, 617054) 
Front 16: (750.06, 753439) (750.33, 682630) (751.1, 679116) (751.37, 646179) (753.76, 624461) (754.03, 617615) 
Front 17: (750.1, 1.62286e+06) (750.29, 872100) (750.33, 689388) (751.1, 685850) (751.37, 648331) (753.76, 624930) (754.3, 621935) (755.11, 617906) 
Front 18: (750.29, 898279) (750.33, 693017) (751.1, 690201) (751.37, 650471) (753.76, 624962) (758.81, 622769) 
Front 19: (750.29, 1.00985e+06) (750.33, 693999) (751.1, 690284) (751.37, 650910) (753.76, 626921) (754.03, 625356) 
Front 20: (750.33, 705515) (750.83, 694875) (751.1, 692905) (751.37, 651653) (753.76, 628354) (755.65, 626902) 
Front 21: (750.56, 771817) (750.83, 718197) (750.87, 709837) (750.91, 703415) (751.1, 693482) (751.37, 651754) (753.76, 629794) (755.92, 627494) 
Front 22: (750.56, 802768) (750.91, 707448) (751.1, 694017) (751.37, 651902) (753.76, 632916) (754.03, 630931) (758.81, 629233) 
Front 23: (750.56, 822874) (751.1, 699716) (751.37, 652433) (753.76, 633818) (754.3, 630970) (758.81, 629668) 
Front 24: (750.68, 2.62397e+06) (751.1, 699747) (751.37, 652547) (753.76, 637518) (754.03, 637007) (754.03, 636764) (758.81, 634450) 
Front 25: (750.68, 2.67921e+06) (751.1, 704800) (751.37, 653043) (753.76, 638360) 
Front 26: (750.68, 2.72212e+06) (751.1, 710639) (751.37, 655637) (752.72, 654162) (753.76, 650216) (754.03, 641424) (754.03, 640524) (758.81, 640449) 
Front 27: (750.68, 2.89972e+06) (751.1, 712400) (751.37, 655775) (753.76, 651551) (754.03, 641530) (758.81, 640916) 
Front 28: (751.1, 1.0008e+06) (751.37, 656387) (754.03, 645633) (758.81, 642835) 
Front 29: (751.22, 2.80186e+06) (751.37, 656814) (754.03, 646561) (758.81, 645599) 
Front 30: (751.26, 3.24515e+06) (751.37, 657161) (754.03, 652021) (756.42, 650069) (758.81, 645621) 
Front 31: (751.37, 658409) (754.03, 652324) (758.08, 651774) (758.81, 647997) 
Front 32: (751.37, 658948) (758.81, 649040) 
Front 33: (751.37, 660840) (758.81, 651774) 
Front 34: (751.37, 662631) (752.76, 661495) (755.88, 661453) (758.81, 653549) 
Front 35: (751.37, 662735) (758.81, 653608) 
Front 36: (751.37, 662982) (758.81, 654712) 
Front 37: (751.37, 663246) (758.81, 654713) 
Front 38: (751.37, 663555) (758.81, 654893) 
Front 39: (751.37, 663861) (758.81, 655975) 
Front 40: (751.37, 665604) (753.49, 665356) (758.81, 657179) 
Front 41: (751.37, 666294) (758.81, 658226) 
Front 42: (751.37, 667244) (753.76, 666342) (758.81, 658579) 
Front 43: (751.37, 667581) (758.54, 666548) (758.81, 658868) 
Front 44: (751.37, 667619) (758.81, 660076) 
Front 45: (751.37, 667771) (758.81, 660167) 
Front 46: (751.37, 668193) (758.81, 660572) 
Front 47: (751.37, 669055) (758.81, 661231) 
Front 48: (751.37, 669790) (758.81, 661382) 
Front 49: (751.37, 670643) (758.81, 662523) 
Front 50: (751.37, 671221) (756.96, 670884) (758.81, 663036) 
Front 51: (751.37, 671403) (758.81, 663644) 
Front 52: (751.37, 671769) (752.45, 671511) (758.81, 664583) 
Front 53: (751.37, 672484) (752.45, 671882) (754.84, 671554) (758.81, 664829) 
Front 54: (751.37, 673009) (758.08, 671797) (758.81, 666122) (763.59, 664889) 
Front 55: (751.37, 675168) (752.45, 674275) (758.81, 667528) 
Front 56: (751.37, 676677) (752.72, 675550) (758.81, 670670) (760.93, 668556) 
Front 57: (751.37, 677146) (758.81, 674870) (760.93, 671943) 
Front 58: (751.37, 677403) (758.81, 675504) 
Front 59: (751.37, 677607) (758.81, 676127) 
Front 60: (751.37, 677689) (754.03, 677659) 
Front 61: (751.37, 678222) (752.45, 677913) 
Front 62: (751.37, 678531) 
Front 63: (751.37, 679206) 
Front 64: (751.37, 679393) 
Front 65: (751.37, 680457) (754.84, 680309) (756.15, 679555) 
Front 66: (751.37, 680778) (758.81, 680762) 
Front 67: (751.37, 683144) (754.84, 680971) 
Front 68: (751.37, 683499) (754.84, 681435) 
Front 69: (751.37, 683860) (758.54, 683546) (758.81, 683195) 
Front 70: (751.37, 683988) (753.49, 683869) 
Front 71: (751.37, 684404) 
Front 72: (751.37, 684941) 
Front 73: (751.37, 688983) (752.45, 688258) (753.49, 686967) (756.42, 686389) 
Front 74: (751.37, 689685) (753.49, 689532) (758.81, 686704) 
Front 75: (751.37, 691114) (752.45, 690940) (753.49, 690560) (758.81, 689855) (760.93, 687715) 
Front 76: (751.37, 692008) (753.49, 690655) (760.93, 689352) 
Front 77: (751.37, 694853) (753.49, 691036) 
Front 78: (751.49, 2.59438e+06) (751.91, 876784) (752.45, 695734) (753.49, 693221) (758.81, 692652) (760.93, 692079) 
Front 79: (752.45, 703822) (753.49, 695817) (760.93, 692157) 
Front 80: (752.45, 713415) (752.95, 706913) (753.49, 695954) (760.93, 692962) 
Front 81: (752.45, 730964) (752.72, 727224) (752.95, 710297) (753.49, 697644) (760.93, 693368) 
Front 82: (752.68, 812858) (752.68, 809078) (752.95, 720227) (753.49, 698099) (760.93, 697477) 
Front 83: (752.68, 830203) (752.95, 721750) (753.49, 698884) (760.93, 698822) 
Front 84: (752.68, 839380) (752.95, 724835) (753.49, 699793) 
Front 85: (752.68, 851886) (752.95, 726263) (753.49, 701543) (760.93, 701040) 
Front 86: (752.68, 857648) (752.95, 734832) (753.22, 729921) (753.49, 701674) 
Front 87: (752.68, 862901) (752.95, 748426) (753.22, 730308) (753.49, 701818) 
Front 88: (752.68, 872459) (752.95, 763358) (753.22, 731088) (753.49, 702174) (760.93, 701883) 
Front 89: (752.95, 765269) (753.22, 763977) (753.49, 703283) (758.54, 702915) 
Front 90: (752.95, 769110) (753.49, 703650) 
Front 91: (752.95, 779209) (753.49, 703684) 
Front 92: (752.95, 797515) (753.22, 780591) (753.49, 704439) (758.54, 704426) 
Front 93: (753.3, 1.64228e+06) (753.49, 705080) 
Front 94: (753.34, 2.94971e+06) (753.49, 705208) 
Front 95: (753.49, 705821) (760.93, 705612) 
Front 96: (753.49, 706006) 
Front 97: (753.49, 706591) (758.81, 706244) (760.93, 706201) 
Front 98: (753.49, 708397) (754.84, 707332) (758.54, 707041) 
Front 99: (753.49, 708636) (760.93, 708485) 
Front 100: (753.49, 708899) 
Front 101: (753.49, 710064) 
Front 102: (753.49, 710459) 
Front 103: (753.49, 710636) 
Front 104: (753.49, 710988) 
Front 105: (753.49, 711883) (760.93, 711033) 
Front 106: (753.49, 713307) (758.54, 711951) (760.93, 711144) 
Front 107: (753.49, 713325) (760.93, 711234) 
Front 108: (753.49, 714766) 
Front 109: (753.49, 715156) 
Front 110: (753.49, 715580) 
Front 111: (753.49, 715857) 
Front 112: (753.49, 717378) (760.93, 717334) 
Front 113: (753.49, 718254) (760.93, 717650) 
Front 114: (753.49, 718831) 
Front 115: (753.49, 719279) 
Front 116: (753.49, 721630) (760.66, 719443) 
Front 117: (753.49, 722199) (760.66, 719467) 
Front 118: (753.49, 722768) 
Front 119: (753.49, 731375) (753.76, 724488) (756.42, 723855) 
Front 120: (753.49, 733830) (760.66, 731336) (760.93, 725404) 
Front 121: (753.49, 739049) (760.66, 732552) (760.93, 731277) 
Front 122: (753.49, 740759) (760.66, 732993) 
Front 123: (753.49, 744045) (760.66, 738400) 
Front 124: (753.49, 744663) (760.66, 738793) 
Front 125: (753.61, 2.55004e+06) (753.76, 790775) (755.07, 766779) (758.54, 758614) (760.66, 739923) 
Front 126: (753.76, 792030) (755.07, 783021) (758.54, 770682) (759.35, 759855) (760.66, 742369) (760.93, 741573) 
Front 127: (753.76, 864058) (755.07, 790183) (758.54, 779984) (759.35, 768276) (760.66, 744387) 
Front 128: (753.76, 897437) (755.07, 795120) (759.35, 780617) (760.66, 750373) (764.4, 749753) 
Front 129: (753.84, 1.71986e+06) (754.11, 1.52265e+06) (755.07, 798746) 
Front 130: (753.84, 1.52524e+07) (753.88, 2.16479e+06) (754.92, 1.73139e+06) (755.07, 809347) (758.54, 799509) (759.35, 798827) 
Front 131: (754.69, 2.87323e+06) (754.92, 2.20225e+06) (755.07, 811845) (759.35, 803285) 
Front 132: (755.07, 813179) 
Front 133: (755.07, 820478) (762.01, 817070) 
Front 134: (755.07, 822259) 
Front 135: (755.07, 836494) 
Front 136: (755.07, 849088) 
Front 137: (755.73, 1.24392e+07) (755.73, 2.87645e+06) (756, 2.28592e+06) (756.15, 869338) (756.96, 862987) 
Front 138: (756, 2.92619e+06) (756.27, 2.15886e+06) (756.96, 901797) 
Front 139: (756.54, 2.59045e+06) (756.54, 2.39135e+06) (756.96, 924244) 
Front 140: (756.81, 2.47128e+06) (757.08, 2.23151e+06) (757.58, 2.22563e+06) (758.08, 1.61808e+06) (759.97, 1.53191e+06) (761.82, 1.5163e+06) 
Front 141: (757.31, 2.26609e+06) (758.08, 1.69122e+06) (762.36, 1.57494e+06) (765.02, 1.51974e+06) 
Front 142: (757.35, 2.42041e+06) (758.39, 2.27133e+06) (758.66, 2.22192e+06) (761.86, 2.21662e+06) (763.17, 2.10171e+06) (767.41, 1.53477e+06) 
Front 143: (757.85, 2.94581e+06) (758.93, 2.41942e+06) (759.47, 2.35993e+06) (759.97, 2.26937e+06) (762.13, 2.21948e+06) (763.98, 2.18948e+06) (764.25, 2.14671e+06) 
Front 144: (758.7, 3.34624e+06) (759.2, 2.76505e+06) (759.74, 2.75784e+06) (759.74, 2.61553e+06) (762.36, 2.35829e+06) (763.71, 2.30535e+06) (763.98, 2.29245e+06) (766.1, 2.18488e+06) 
Front 145: (759.47, 2.77601e+06) (763.71, 2.36866e+06) (766.64, 2.18623e+06) 
Front 146: (761.05, 3.05242e+06) (764.25, 2.76031e+06) (768.76, 2.2864e+06) 
Front 147: (761.55, 1.31235e+07) (762.17, 3.21431e+06) (764.29, 3.1195e+06) (764.79, 2.8679e+06) (772.23, 2.70685e+06) (774.89, 2.50983e+06) 
Front 148: (761.55, 1.58976e+07) (762.17, 3.24459e+06) (769.88, 3.19767e+06) (776.78, 2.74453e+06) (778.9, 2.69236e+06) 
Front 149: (762.17, 3.27441e+06) (770.65, 3.26234e+06) (772.77, 3.21932e+06) (780.48, 3.14325e+06) (782.37, 3.08214e+06) (784.49, 3.00227e+06) 
Front 150: (766.91, 3.64061e+06) (770.65, 3.59543e+06) (770.92, 3.47532e+06) (772.27, 3.43346e+06) (773.04, 3.30768e+06) (775.7, 3.22489e+06) (782.64, 3.15504e+06) (783.41, 3.08611e+06) (784.49, 3.02138e+06) 
Front 151: (769.3, 3.92754e+06) (779.17, 3.24609e+06) 
Front 152: (769.53, 1.58069e+07) (770.07, 1.41119e+07) (780.48, 3.28257e+06) (783.14, 3.25721e+06) 
Front 153: (770.34, 1.59891e+07) (770.61, 1.46828e+07) (772.73, 1.46177e+07) (781.83, 3.34061e+06) (782.87, 3.28447e+06) 
Front 154: (774.35, 1.6626e+07) (775.93, 1.5763e+07) (782.87, 3.29122e+06) 
Front 155: (783.14, 3.29876e+06) 
Front 156: (783.14, 3.51736e+06) (783.41, 3.30518e+06) 
Front 157: (783.37, 1.45642e+07) (798.02, 1.44787e+07) 
Front 158: (786.84, 1.61066e+07) (803.88, 1.52734e+07) (820.65, 1.48771e+07) 
Front 159: (792.2, 5.99475e+07) (792.43, 5.31563e+07) (795.9, 4.66651e+07) (796.71, 1.61266e+07) (814.79, 1.53009e+07) 
Front 160: (796.71, 1.64258e+07) 
Front 161: (802.84, 5.35982e+07) (804.69, 5.09215e+07) (811.86, 4.29936e+07) (814.79, 4.26893e+07) (822, 1.70304e+07) 
Front 162: (803.38, 5.59827e+07) (811.86, 4.57435e+07) (823.85, 1.75562e+07) 
Front 163: (806.27, 5.66256e+07) (824.62, 4.41606e+07) (824.89, 4.28408e+07) (825.7, 4.2681e+07) 
Front 164: (810.28, 6.49562e+07) (825.47, 5.37238e+07) 
