Pareto fronts:
Front 0: (620.72, 4.22833e+06) (621.26, 857579) (631.44, 626618) (631.44, 626618) (650.75, 577140) (651.33, 529625) (659.35, 458641) (671.57, 437957) (688.88, 429719)
Front 1: (621.8, 4.45576e+06) (621.8, 4.45576e+06) (621.8, 4.45576e+06) (621.8, 4.45576e+06) (622.34, 3.73747e+06) (623.11, 1.78354e+06) (623.11, 1.78354e+06) (623.11, 1.78354e+06) (623.11, 1.78354e+06) (623.11, 1.78354e+06) (623.11, 1.78354e+06) (623.11, 1.78354e+06) (623.65, 857731) (633.52, 735925) (639.38, 674921) (639.38, 674921) (639.38, 674921) (639.38, 674921) (639.38, 674921) (645.2, 659070) (652.41, 530314) (660.66, 513493) (680.4, 493322)
Front 2: (622.34, 4.02785e+06) (623.11, 1.87477e+06) (623.65, 857851) (623.65, 857851) (623.65, 857851) (623.65, 857851) (623.65, 857851) (623.65, 857851) (623.65, 857851) (623.65, 857851) (623.65, 857851) (623.65, 857851) (623.65, 857851) (623.65, 857851) (623.65, 857851) (623.65, 857851) (623.65, 857851) (623.65, 857851) (623.65, 857851) (623.65, 857851) (623.65, 857851) (623.65, 857851) (623.65, 857851) (623.65, 857851) (623.65, 857851) (623.65, 857851) (623.65, 857851) (623.65, 857851) (623.65, 857851) (642.85, 741258) (642.85, 741258) (642.85, 741258) (652.95, 704258) (655.03, 614615) (655.34, 596720) (656.38, 538858) (677.2, 524957) (681.98, 502557)
Front 3: (624.19, 3.80713e+06) (624.19, 3.80713e+06) (626.04, 1.30231e+06) (626.04, 1.30231e+06) (626.04, 1.30231e+06) (628.97, 1.15046e+06) (635.14, 1.0969e+06) (636.99, 961121) (636.99, 961121) (636.99, 961121) (636.99, 961121) (636.99, 961121) (636.99, 961121) (636.99, 961121) (647.05, 759379) (652.95, 704623) (655.03, 615680) (655.03, 615680) (657.96, 577214) (664.59, 541566) (686.76, 540887) (691.54, 504277)
Front 4: (624.19, 3.93861e+06) (627.43, 2.8113e+06) (628.2, 1.79986e+06) (628.2, 1.79986e+06) (628.43, 1.54549e+06) (628.97, 1.20691e+06) (631.36, 1.15241e+06) (631.36, 1.15241e+06) (631.36, 1.15241e+06) (631.36, 1.15241e+06) (631.36, 1.15241e+06) (631.36, 1.15241e+06) (631.36, 1.15241e+06) (635.14, 1.10559e+06) (647.17, 770131) (655.3, 768600) (655.57, 756432) (656.11, 680098) (656.11, 680098) (656.11, 680098) (656.11, 680098) (656.88, 677413) (656.88, 677413) (657.73, 655451) (660.58, 612682) (663.59, 605847) (664.36, 600008) (664.82, 564350) (666.71, 558311) (679.32, 544731)
Front 5: (624.19, 4.18193e+06) (627.66, 3.30954e+06) (627.66, 3.30954e+06) (627.66, 3.30954e+06) (627.66, 3.30954e+06) (627.66, 3.30954e+06) (627.66, 3.30954e+06) (627.66, 3.30954e+06) (627.66, 3.30954e+06) (627.66, 3.30954e+06) (627.66, 3.30954e+06) (627.66, 3.30954e+06) (627.66, 3.30954e+06) (627.66, 3.30954e+06) (627.89, 3.00556e+06) (627.89, 3.00556e+06) (628.97, 1.21319e+06) (640.19, 1.20001e+06) (644.47, 1.11011e+06) (647.32, 770266) (655.3, 768831) (656.11, 694294) (657.96, 667781) (660.58, 617203) (666.98, 581628) (692.08, 579846) (693.66, 555593)
Front 6: (624.19, 4.18232e+06) (627.66, 3.32778e+06) (627.89, 3.00614e+06) (627.89, 3.00614e+06) (627.89, 3.00614e+06) (632.44, 2.33799e+06) (632.44, 2.33799e+06) (632.44, 2.33799e+06) (632.44, 2.33799e+06) (632.44, 2.33799e+06) (632.44, 2.33799e+06) (632.44, 2.33799e+06) (632.44, 2.33799e+06) (632.44, 2.33799e+06) (632.98, 2.00697e+06) (633.83, 1.44602e+06) (635.68, 1.24283e+06) (635.68, 1.24283e+06) (648.09, 1.05036e+06) (648.36, 777649) (650.48, 771390) (650.48, 771390) (657.73, 729165) (658.46, 722846) (660.58, 617309) (666.98, 582181) (763.13, 572582)
Front 7: (624.19, 4.21271e+06) (624.19, 4.21271e+06) (624.19, 4.21271e+06) (624.19, 4.21271e+06) (624.19, 4.21271e+06) (624.19, 4.21271e+06) (624.19, 4.21271e+06) (627.66, 3.35893e+06) (627.66, 3.35893e+06) (627.66, 3.35893e+06) (627.66, 3.35893e+06) (627.66, 3.35893e+06) (627.66, 3.35893e+06) (627.66, 3.35893e+06) (627.66, 3.35893e+06) (627.66, 3.35893e+06) (627.66, 3.35893e+06) (631.98, 3.01088e+06) (632.44, 2.39915e+06) (632.44, 2.39915e+06) (632.44, 2.39915e+06) (632.44, 2.39915e+06) (632.44, 2.39915e+06) (632.44, 2.39915e+06) (632.44, 2.39915e+06) (632.44, 2.39915e+06) (634.37, 2.23841e+06) (636.76, 1.48477e+06) (637.53, 1.40935e+06) (637.53, 1.40935e+06) (637.53, 1.40935e+06) (637.84, 1.28112e+06) (647.82, 1.26219e+06) (647.82, 1.26219e+06) (647.82, 1.26219e+06) (647.82, 1.26219e+06) (647.82, 1.26219e+06) (648.36, 789027) (654.22, 775634) (654.8, 773590) (659.27, 735528) (660.35, 728203) (661.66, 702484) (661.66, 702484) (661.66, 702484) (661.66, 702484) (661.66, 702484) (661.66, 702484) (661.66, 702484) (661.66, 702484) (661.66, 702484) (661.66, 702484) (661.66, 702484) (661.66, 702484) (661.66, 702484) (661.66, 702484) (661.66, 702484) (661.66, 702484) (661.66, 702484) (661.66, 702484) (661.66, 702484) (661.66, 702484) (661.66, 702484) (661.66, 702484) (661.66, 702484) (661.66, 702484) (661.66, 702484) (661.66, 702484) (661.66, 702484) (661.66, 702484) (661.66, 702484) (661.66, 702484) (661.66, 702484) (661.66, 702484) (661.66, 702484) (663.05, 663522) (665.36, 626082) (665.36, 626082) (672.42, 623789) (672.42, 623789) (679.59, 588175)
Front 8: (624.73, 6.18519e+06) (624.73, 6.18519e+06) (625.5, 5.56748e+06) (625.5, 5.56748e+06) (625.81, 4.40822e+06) (627.97, 3.43799e+06) (632.44, 2.40077e+06) (638.61, 1.85513e+06) (638.84, 1.50412e+06) (641.77, 1.37481e+06) (641.77, 1.37481e+06) (647.82, 1.26234e+06) (648.36, 797634) (648.36, 797634) (648.36, 797634) (648.36, 797634) (648.36, 797634) (648.36, 797634) (648.36, 797634) (648.36, 797634) (648.36, 797634) (648.36, 797634) (648.36, 797634) (648.36, 797634) (648.36, 797634) (648.36, 797634) (648.36, 797634) (648.36, 797634) (648.36, 797634) (648.36, 797634) (648.36, 797634) (655.3, 784596) (656.11, 774022) (659.27, 756727) (659.27, 756727) (659.27, 756727) (659.27, 756727) (659.27, 756727) (659.27, 756727) (659.27, 756727) (659.27, 756727) (659.27, 756727) (659.27, 756727) (663.28, 698084) (663.78, 677078) (663.78, 677078) (663.78, 677078) (663.78, 677078) (663.78, 677078) (663.78, 677078) (663.78, 677078) (663.78, 677078) (663.78, 677078) (663.78, 677078) (663.78, 677078) (663.78, 677078) (663.78, 677078) (665.36, 626086) (679.59, 600087)
Front 9: (624.73, 6.37994e+06) (625.5, 5.56748e+06) (625.5, 5.56748e+06) (625.81, 5.25306e+06) (625.81, 5.25306e+06) (632.21, 4.32631e+06) (632.44, 2.43852e+06) (632.44, 2.43852e+06) (632.44, 2.43852e+06) (632.44, 2.43852e+06) (632.44, 2.43852e+06) (632.44, 2.43852e+06) (632.44, 2.43852e+06) (632.44, 2.43852e+06) (632.44, 2.43852e+06) (632.44, 2.43852e+06) (632.44, 2.43852e+06) (632.44, 2.43852e+06) (632.44, 2.43852e+06) (632.44, 2.43852e+06) (632.44, 2.43852e+06) (632.44, 2.43852e+06) (632.44, 2.43852e+06) (632.44, 2.43852e+06) (632.44, 2.43852e+06) (632.44, 2.43852e+06) (632.44, 2.43852e+06) (632.44, 2.43852e+06) (632.44, 2.43852e+06) (632.44, 2.43852e+06) (632.44, 2.43852e+06) (641.31, 1.77391e+06) (644.66, 1.40479e+06) (647.82, 1.26391e+06) (648.4, 937754) (648.63, 894118) (648.63, 894118) (648.63, 894118) (648.63, 894118) (648.63, 894118) (648.63, 894118) (648.63, 894118) (651.87, 816915) (654.49, 801933) (657.15, 797126) (657.15, 774909) (659.27, 760743) (659.27, 760743) (663.78, 677716) (665.36, 626421) (679.59, 613994)
Front 10: (625.27, 2.70726e+07) (626.35, 9.40204e+06) (626.35, 9.40204e+06) (629.51, 7.82673e+06) (629.51, 7.82673e+06) (630.28, 6.97374e+06) (630.82, 5.89819e+06) (630.82, 5.89819e+06) (632.21, 4.45355e+06) (632.44, 2.49128e+06) (632.75, 2.47276e+06) (633.75, 2.45874e+06) (633.75, 2.45874e+06) (642.08, 2.21417e+06) (642.08, 2.21417e+06) (645.32, 1.64008e+06) (648.4, 952125) (652.41, 869508) (654.22, 829270) (658.46, 776033) (658.46, 776033) (658.46, 776033) (658.46, 776033) (659.27, 763136) (659.27, 763136) (663.78, 677794) (663.78, 677794) (663.78, 677794) (663.78, 677794) (663.78, 677794) (663.78, 677794) (666.71, 633124) (805.38, 626036)
Front 11: (626.58, 3.07843e+07) (626.58, 3.07843e+07) (626.58, 3.07843e+07) (626.58, 3.07843e+07) (626.89, 1.3839e+07) (626.89, 1.3839e+07) (626.89, 1.3839e+07) (626.89, 1.3839e+07) (629.51, 8.02376e+06) (629.51, 8.02376e+06) (629.51, 8.02376e+06) (629.51, 8.02376e+06) (629.51, 8.02376e+06) (629.51, 8.02376e+06) (629.51, 8.02376e+06) (629.51, 8.02376e+06) (629.51, 8.02376e+06) (629.51, 8.02376e+06) (629.51, 8.02376e+06) (629.51, 8.02376e+06) (629.51, 8.02376e+06) (629.51, 8.02376e+06) (629.51, 8.02376e+06) (629.51, 8.02376e+06) (629.51, 8.02376e+06) (629.51, 8.02376e+06) (629.51, 8.02376e+06) (629.51, 8.02376e+06) (629.51, 8.02376e+06) (629.51, 8.02376e+06) (629.51, 8.02376e+06) (629.51, 8.02376e+06) (629.51, 8.02376e+06) (629.51, 8.02376e+06) (629.51, 8.02376e+06) (629.51, 8.02376e+06) (629.51, 8.02376e+06) (629.51, 8.02376e+06) (629.51, 8.02376e+06) (629.51, 8.02376e+06) (629.51, 8.02376e+06) (630.28, 7.02256e+06) (630.82, 6.19473e+06) (632.21, 4.73609e+06) (632.21, 4.73609e+06) (632.44, 2.49638e+06) (632.75, 2.48499e+06) (633.75, 2.46e+06) (633.75, 2.46e+06) (642.08, 2.29968e+06) (644.93, 2.23604e+06) (644.93, 2.23604e+06) (649.94, 1.04439e+06) (649.94, 1.04439e+06) (651.83, 975056) (653.72, 907943) (655.34, 835562) (658.46, 777667) (658.46, 777667) (658.46, 777667) (658.46, 777667) (660.66, 770237) (663.78, 703280) (664.28, 697342) (666.71, 643496)
Front 12: (626.58, 3.1377e+07) (626.58, 3.1377e+07) (626.58, 3.1377e+07) (626.89, 1.39207e+07) (629.51, 8.78896e+06) (632.52, 5.35945e+06) (635.68, 4.19329e+06) (635.68, 4.19329e+06) (635.68, 4.19329e+06) (635.91, 4.12494e+06) (636.76, 2.71194e+06) (642.62, 2.45856e+06) (642.62, 2.45856e+06) (650.25, 1.23948e+06) (650.79, 1.135e+06) (651.83, 976490) (651.83, 976490) (653.95, 924405) (658.5, 895022) (660.58, 797458) (660.58, 797458) (662.43, 783825) (664.28, 758079) (664.36, 714198) (669.1, 648047) (669.1, 648047)
Front 13: (627.12, 2.26132e+07) (627.12, 2.26132e+07) (627.12, 2.26132e+07) (627.12, 2.26132e+07) (627.12, 2.26132e+07) (627.12, 2.26132e+07) (627.12, 2.26132e+07) (627.12, 2.26132e+07) (627.12, 2.26132e+07) (627.12, 2.26132e+07) (627.12, 2.26132e+07) (627.12, 2.26132e+07) (627.12, 2.26132e+07) (629.51, 8.89951e+06) (633.29, 8.01841e+06) (633.29, 8.01841e+06) (633.29, 8.01841e+06) (633.29, 8.01841e+06) (633.29, 8.01841e+06) (633.29, 8.01841e+06) (633.29, 8.01841e+06) (635.68, 4.82557e+06) (635.91, 4.16666e+06) (636.76, 2.92773e+06) (636.76, 2.92773e+06) (636.76, 2.92773e+06) (636.76, 2.92773e+06) (636.76, 2.92773e+06) (643.93, 2.468e+06) (643.93, 2.468e+06) (651.83, 988379) (653.95, 934044) (659.27, 896848) (660.85, 851495) (660.85, 851495) (661.66, 842311) (661.66, 842311) (661.66, 842311) (661.66, 842311) (664.05, 813502) (664.28, 762742) (668.64, 721115) (701.68, 663010)
Front 14: (627.12, 2.26464e+07) (627.12, 2.26464e+07) (627.12, 2.26464e+07) (627.12, 2.26464e+07) (627.12, 2.26464e+07) (627.12, 2.26464e+07) (627.12, 2.26464e+07) (627.12, 2.26464e+07) (627.12, 2.26464e+07) (627.12, 2.26464e+07) (627.12, 2.26464e+07) (627.12, 2.26464e+07) (627.12, 2.26464e+07) (627.12, 2.26464e+07) (627.12, 2.26464e+07) (627.12, 2.26464e+07) (627.12, 2.26464e+07) (627.12, 2.26464e+07) (627.12, 2.26464e+07) (627.12, 2.26464e+07) (627.12, 2.26464e+07) (627.12, 2.26464e+07) (627.12, 2.26464e+07) (627.12, 2.26464e+07) (627.12, 2.26464e+07) (627.12, 2.26464e+07) (629.51, 8.90594e+06) (629.51, 8.90594e+06) (633.29, 8.09846e+06) (635.91, 4.31824e+06) (638.92, 3.50714e+06) (638.92, 3.50714e+06) (639.61, 3.43299e+06) (639.61, 3.43299e+06) (639.61, 3.43299e+06) (639.61, 3.43299e+06) (639.61, 3.43299e+06) (639.61, 3.43299e+06) (639.61, 3.43299e+06) (640.15, 2.994e+06) (646.09, 2.5626e+06) (646.09, 2.5626e+06) (651.83, 992744) (654.03, 952807) (661.12, 910793) (661.66, 842727) (661.66, 842727) (664.05, 836936) (665.36, 808049) (665.36, 808049) (666.17, 795573) (666.17, 795573) (669.49, 721240) (798.98, 704641)
Front 15: (629.82, 1.00506e+07) (629.82, 1.00506e+07) (629.82, 1.00506e+07) (631.67, 9.87177e+06) (631.67, 9.87177e+06) (634.83, 8.28619e+06) (634.83, 8.28619e+06) (634.83, 8.28619e+06) (634.83, 8.28619e+06) (634.83, 8.28619e+06) (634.83, 8.28619e+06) (634.83, 8.28619e+06) (634.83, 8.28619e+06) (634.83, 8.28619e+06) (634.83, 8.28619e+06) (634.83, 8.28619e+06) (634.83, 8.28619e+06) (634.83, 8.28619e+06) (635.91, 4.32015e+06) (639.15, 3.82339e+06) (640.15, 2.99597e+06) (649.48, 2.83308e+06) (651.83, 1.00224e+06) (651.83, 1.00224e+06) (651.83, 1.00224e+06) (651.83, 1.00224e+06) (651.83, 1.00224e+06) (651.83, 1.00224e+06) (651.83, 1.00224e+06) (651.83, 1.00224e+06) (654.76, 956484) (661.89, 846030) (665.36, 811654) (665.36, 811654) (666.17, 795585) (666.17, 795585) (666.17, 795585) (666.17, 795585) (771.38, 779072)
Front 16: (630.05, 2.58752e+07) (630.59, 2.01383e+07) (633.83, 1.26684e+07) (633.83, 1.26684e+07) (633.83, 1.26684e+07) (633.83, 1.26684e+07) (633.83, 1.26684e+07) (635.91, 4.32717e+06) (639.15, 4.16939e+06) (639.15, 4.16939e+06) (639.15, 4.16939e+06) (640.15, 3.03497e+06) (640.15, 3.03497e+06) (640.15, 3.03497e+06) (641, 2.99691e+06) (652.41, 1.02567e+06) (652.95, 1.01013e+06) (654.76, 957581) (662.2, 939961) (666.17, 795909)
Front 17: (630.05, 2.62222e+07) (630.59, 2.09033e+07) (630.59, 2.09033e+07) (633.83, 1.26925e+07) (636.45, 8.82718e+06) (636.45, 8.82718e+06) (637.22, 8.01107e+06) (637.22, 8.01107e+06) (637.22, 8.01107e+06) (637.22, 8.01107e+06) (637.22, 8.01107e+06) (637.22, 8.01107e+06) (637.61, 6.92526e+06) (638.07, 5.32677e+06) (638.07, 5.32677e+06) (638.07, 5.32677e+06) (638.07, 5.32677e+06) (639.69, 4.21689e+06) (642.62, 3.07596e+06) (646.01, 2.99998e+06) (653.26, 1.49453e+06) (653.68, 1.09683e+06) (656.07, 1.00172e+06) (661.39, 965899) (661.39, 965899) (661.39, 965899) (661.39, 965899) (661.39, 965899) (661.39, 965899) (661.39, 965899) (661.39, 965899) (661.39, 965899) (661.39, 965899) (661.39, 965899) (661.39, 965899) (662.51, 942385) (787.03, 810159)
Front 18: (630.05, 2.62322e+07) (630.05, 2.62322e+07) (633.83, 1.28323e+07) (637.76, 1.14959e+07) (637.76, 1.14959e+07) (637.76, 1.14959e+07) (638.07, 5.34622e+06) (638.07, 5.34622e+06) (641.85, 4.36989e+06) (641.85, 4.36989e+06) (645.01, 3.30561e+06) (645.47, 3.12654e+06) (646.01, 3.00956e+06) (655.8, 1.28083e+06) (656.07, 1.00242e+06) (656.07, 1.00242e+06) (656.07, 1.00242e+06) (675.62, 954925)
Front 19: (630.05, 2.62366e+07) (638.61, 5.98399e+06) (638.61, 5.98399e+06) (638.61, 5.98399e+06) (638.61, 5.98399e+06) (642.08, 5.81e+06) (642.31, 4.95994e+06) (645.47, 3.13595e+06) (646.63, 3.08108e+06) (646.63, 3.08108e+06) (646.63, 3.08108e+06) (646.63, 3.08108e+06) (646.63, 3.08108e+06) (656.96, 2.99317e+06) (657.27, 2.71507e+06) (657.96, 1.00886e+06) (661.43, 1.0027e+06) (661.43, 1.0027e+06) (695.82, 996618) (695.82, 996618)
Front 20: (630.05, 2.65006e+07) (639.69, 7.76555e+06) (640.46, 7.27714e+06) (640.46, 7.27714e+06) (640.69, 6.33564e+06) (644.7, 5.84651e+06) (645.78, 5.2521e+06) (645.86, 4.34116e+06) (646.63, 3.18639e+06) (658.19, 1.06958e+06) (658.19, 1.06958e+06) (658.19, 1.06958e+06) (658.19, 1.06958e+06) (658.19, 1.06958e+06) (659.27, 1.05161e+06) (659.27, 1.05161e+06) (659.27, 1.05161e+06) (659.27, 1.05161e+06) (659.27, 1.05161e+06) (659.27, 1.05161e+06) (659.27, 1.05161e+06) (659.27, 1.05161e+06) (659.81, 1.0094e+06)
Front 21: (630.05, 2.70218e+07) (630.05, 2.70218e+07) (630.05, 2.70218e+07) (630.05, 2.70218e+07) (630.05, 2.70218e+07) (630.05, 2.70218e+07) (630.05, 2.70218e+07) (630.05, 2.70218e+07) (630.05, 2.70218e+07) (630.05, 2.70218e+07) (630.05, 2.70218e+07) (630.05, 2.70218e+07) (630.05, 2.70218e+07) (630.05, 2.70218e+07) (630.05, 2.70218e+07) (630.05, 2.70218e+07) (630.05, 2.70218e+07) (630.05, 2.70218e+07) (630.05, 2.70218e+07) (630.05, 2.70218e+07) (630.05, 2.70218e+07) (630.05, 2.70218e+07) (630.05, 2.70218e+07) (630.05, 2.70218e+07) (630.05, 2.70218e+07) (630.05, 2.70218e+07) (630.05, 2.70218e+07) (639.92, 2.3271e+07) (641, 1.98564e+07) (641.23, 8.96888e+06) (644.24, 6.35475e+06) (644.24, 6.35475e+06) (646.86, 3.62141e+06) (649.02, 3.29914e+06) (649.02, 3.29914e+06) (658.73, 1.30001e+06) (658.73, 1.30001e+06) (659.77, 1.26225e+06) (660.04, 1.09911e+06) (661.89, 1.06013e+06) (662.2, 1.01276e+06)
Front 22: (630.05, 2.71169e+07) (641, 2.00833e+07) (641.54, 1.43609e+07) (642.08, 1.17079e+07) (643.62, 9.29274e+06) (646.86, 8.08921e+06) (647.4, 6.83819e+06) (647.4, 6.83819e+06) (647.71, 3.95149e+06) (659.12, 1.33951e+06) (659.27, 1.33619e+06) (661.89, 1.08761e+06) (661.89, 1.08761e+06) (664.82, 1.05397e+06) (666.17, 1.03462e+06) (666.17, 1.03462e+06) (676.7, 1.02906e+06) (736.53, 1.02305e+06)
Front 23: (630.05, 2.71176e+07) (630.05, 2.71176e+07) (630.05, 2.71176e+07) (630.05, 2.71176e+07) (630.05, 2.71176e+07) (630.05, 2.71176e+07) (630.05, 2.71176e+07) (630.05, 2.71176e+07) (630.05, 2.71176e+07) (630.05, 2.71176e+07) (630.05, 2.71176e+07) (630.05, 2.71176e+07) (630.05, 2.71176e+07) (630.05, 2.71176e+07) (630.05, 2.71176e+07) (630.05, 2.71176e+07) (630.05, 2.71176e+07) (630.05, 2.71176e+07) (630.05, 2.71176e+07) (642, 1.61056e+07) (642.62, 1.44204e+07) (643.39, 1.21921e+07) (643.39, 1.21921e+07) (648.25, 4.84204e+06) (648.25, 4.84204e+06) (648.25, 4.84204e+06) (649.79, 4.69024e+06) (649.79, 4.69024e+06) (649.79, 4.69024e+06) (649.79, 4.69024e+06) (650.1, 4.51247e+06) (650.1, 4.51247e+06) (650.1, 4.51247e+06) (653.03, 4.45158e+06) (659.27, 1.49119e+06) (659.27, 1.49119e+06) (659.27, 1.49119e+06) (659.27, 1.49119e+06) (664.05, 1.22664e+06) (666.17, 1.03479e+06) (666.17, 1.03479e+06) (666.17, 1.03479e+06) (666.17, 1.03479e+06) (666.17, 1.03479e+06) (666.17, 1.03479e+06) (666.17, 1.03479e+06)
Front 24: (630.05, 2.71355e+07) (642.54, 1.94763e+07) (642.54, 1.94763e+07) (642.54, 1.94763e+07) (642.54, 1.94763e+07) (642.54, 1.94763e+07) (642.54, 1.94763e+07) (643.39, 1.32287e+07) (643.7, 1.22879e+07) (648.71, 4.93852e+06) (653.03, 4.45528e+06) (653.03, 4.45528e+06) (653.03, 4.45528e+06) (659.27, 1.49338e+06) (659.27, 1.49338e+06) (664.05, 1.22712e+06) (666.17, 1.03513e+06)
Front 25: (630.05, 2.71421e+07) (630.05, 2.71421e+07) (643.7, 1.22995e+07) (652.18, 4.98122e+06) (659.27, 1.49834e+06) (664.05, 1.22739e+06) (664.05, 1.22739e+06) (666.98, 1.19557e+06) (747.17, 1.18357e+06) (759.66, 1.08711e+06)
Front 26: (630.05, 2.71667e+07) (630.05, 2.71667e+07) (630.05, 2.71667e+07) (630.05, 2.71667e+07) (630.05, 2.71667e+07) (630.05, 2.71667e+07) (630.05, 2.71667e+07) (630.05, 2.71667e+07) (630.05, 2.71667e+07) (630.05, 2.71667e+07) (630.05, 2.71667e+07) (644.47, 1.27824e+07) (658.04, 7.36286e+06) (658.04, 7.36286e+06) (659.66, 2.99412e+06) (660.2, 2.5941e+06) (664.05, 1.22851e+06) (664.05, 1.22851e+06) (664.05, 1.22851e+06) (664.05, 1.22851e+06) (664.05, 1.22851e+06) (664.05, 1.22851e+06) (666.98, 1.20844e+06)
Front 27: (634.6, 2.83482e+07) (645.24, 1.63124e+07) (648.17, 1.6033e+07) (649.33, 1.31504e+07) (659.89, 7.16295e+06) (661.74, 3.79818e+06) (661.74, 3.79818e+06) (664.05, 1.2287e+06) (722.42, 1.21805e+06)
Front 28: (634.6, 2.84001e+07) (634.6, 2.84001e+07) (645.24, 1.63276e+07) (645.24, 1.63276e+07) (648.17, 1.60334e+07) (650.64, 1.53541e+07) (650.64, 1.53541e+07) (655.65, 1.51719e+07) (655.65, 1.51719e+07) (655.96, 1.34727e+07) (662.59, 4.68896e+06) (664.05, 1.24935e+06) (664.05, 1.24935e+06) (664.05, 1.24935e+06) (664.05, 1.24935e+06) (664.05, 1.24935e+06)
Front 29: (638.3, 3.42991e+07) (638.3, 3.42991e+07) (638.3, 3.42991e+07) (638.3, 3.42991e+07) (647.63, 2.5023e+07) (648.48, 2.00004e+07) (649.79, 1.79519e+07) (655.42, 1.62953e+07) (655.42, 1.62953e+07) (664.05, 1.47573e+06) (664.59, 1.45286e+06) (664.59, 1.45286e+06) (664.59, 1.29549e+06) (666.44, 1.26596e+06) (666.44, 1.26596e+06) (666.44, 1.26596e+06) (666.44, 1.26596e+06) (666.44, 1.26596e+06) (666.44, 1.26596e+06)
Front 30: (643.7, 3.70287e+08) (645.01, 5.18136e+07) (647.63, 2.92487e+07) (650.56, 2.11569e+07) (655.42, 1.6729e+07) (664.59, 1.46228e+06) (721.88, 1.3724e+06)
Front 31: (647.4, 3.19267e+08) (649.79, 6.5476e+07) (649.79, 6.5476e+07) (654.57, 2.27372e+07) (654.57, 2.27372e+07) (654.57, 2.27372e+07) (664.59, 1.47658e+06) (664.59, 1.47658e+06) (783.56, 1.40494e+06)
Front 32: (647.4, 3.19555e+08) (649.79, 2.604e+08) (664.59, 1.47727e+06) (664.59, 1.47727e+06) (664.59, 1.47727e+06) (664.59, 1.47727e+06) (664.59, 1.47727e+06) (664.59, 1.47727e+06) (664.59, 1.47727e+06) (664.59, 1.47727e+06) (664.59, 1.47727e+06) (664.59, 1.47727e+06) (664.59, 1.47727e+06)
Front 33: (664.59, 1.47749e+06) (664.59, 1.47749e+06)
Front 34: (664.59, 1.47786e+06) (664.59, 1.47786e+06) (664.59, 1.47786e+06) (664.59, 1.47786e+06)
Front 35: (664.59, 1.48749e+06)
Front 36: (664.98, 1.41881e+07) (664.98, 1.41881e+07) (666.6, 1.19145e+07) (667.91, 4.16279e+06) (667.91, 4.16279e+06) (667.91, 4.16279e+06) (683.83, 1.71587e+06) (689.15, 1.57189e+06) (702.99, 1.4988e+06)
Front 37: (667.91, 4.46303e+08) (668.99, 1.3374e+07) (669.76, 8.75639e+06) (678.55, 4.16558e+06) (683.83, 1.73037e+06) (694.47, 1.58842e+06)
Front 38: (674.85, 1.74486e+07) (679.09, 8.04648e+06) (679.09, 8.04648e+06) (679.09, 8.04648e+06) (680.4, 5.73885e+06) (687.57, 3.8956e+06) (695.28, 2.83298e+06) (697.67, 1.77137e+06) (705.65, 1.62945e+06) (707.77, 1.62691e+06)
Front 39: (674.85, 3.50077e+08) (679.63, 1.79942e+07) (681.48, 1.44618e+07) (689.96, 5.07894e+06) (690.5, 4.21975e+06) (700.6, 3.42257e+06) (704.3, 1.98162e+06) (713.94, 1.7434e+06) (713.94, 1.7434e+06) (724.04, 1.7129e+06)
Front 40: (676.7, 4.18013e+08) (681.48, 1.44741e+07) (704.07, 3.5811e+06) (706.46, 2.47304e+06) (715.21, 1.9609e+06) (762.78, 1.89039e+06)
Front 41: (679.63, 4.37507e+08) (709.35, 5.24836e+06) (712.86, 4.31028e+06) (715.75, 2.01031e+06)
Front 42: (710.47, 9.54881e+06) (716.33, 3.4846e+06) (760.2, 2.15727e+06)
Front 43: (712.86, 2.93116e+08) (713.94, 1.89617e+08) (713.94, 1.89617e+08) (718.72, 2.9339e+07) (718.95, 8.19654e+06) (724.77, 5.16633e+06) (725.35, 3.57702e+06) (779.82, 3.32196e+06)
Front 44: (716.33, 2.1198e+08) (718.72, 1.89216e+08) (720.57, 9.37926e+06) (729.01, 5.92258e+06) (731.21, 3.79651e+06)
Front 45: (720.57, 2.00971e+08) (721.11, 9.95816e+06) (721.11, 9.95816e+06) (731.94, 4.15938e+06) (734.87, 4.11982e+06) (756.96, 3.83206e+06)
Front 46: (721.11, 2.15576e+08) (725.35, 1.93503e+08) (735.41, 4.92152e+06) (766.25, 4.81332e+06)
Front 47: (722.42, 3.45837e+08) (735.41, 5.08674e+06)
Front 48: (735.41, 5.1031e+06)
Front 49: (736.53, 2.13276e+08) (741.31, 1.27183e+07) (754.88, 6.08319e+06) (758.58, 5.47624e+06)
Front 50: (741.31, 2.03377e+08) (760.2, 1.75289e+08)
Front 51: (747.17, 2.19736e+08) (763.13, 2.01903e+08) (783.56, 1.75559e+08) (805.38, 1.75492e+08)
Front 52: (754.88, 2.79946e+08) (759.66, 2.27436e+08) (787.03, 1.88969e+08)
Front 53: (771.38, 2.35267e+08) (798.98, 1.97738e+08)
