Pareto fronts:
Front 0: (637.76, 1.14959e+07) (637.76, 1.14959e+07) (637.76, 1.14959e+07) (637.76, 1.14959e+07) (640.15, 2.994e+06) (644.93, 2.23604e+06) (644.93, 2.23604e+06) (644.93, 2.23604e+06) (644.93, 2.23604e+06) (644.93, 2.23604e+06) (644.93, 2.23604e+06) (644.93, 2.23604e+06) (644.93, 2.23604e+06) (644.93, 2.23604e+06) (644.93, 2.23604e+06) (644.93, 2.23604e+06) (644.93, 2.23604e+06) (644.93, 2.23604e+06) (644.93, 2.23604e+06) (644.93, 2.23604e+06) (644.93, 2.23604e+06) (644.93, 2.23604e+06) (644.93, 2.23604e+06) (644.93, 2.23604e+06) (644.93, 2.23604e+06) (644.93, 2.23604e+06) (644.93, 2.23604e+06) (644.93, 2.23604e+06) (644.93, 2.23604e+06) (644.93, 2.23604e+06) (644.93, 2.23604e+06) (644.93, 2.23604e+06) (644.93, 2.23604e+06) (644.93, 2.23604e+06) (644.93, 2.23604e+06) (644.93, 2.23604e+06) (646.55, 1.60358e+06) (648.4, 668097) (673.38, 480727) (673.38, 480727) (673.38, 480727) (673.38, 480727) 
Front 1: (638.3, 3.39483e+07) (640.69, 6.33564e+06) (640.69, 6.33564e+06) (640.69, 6.33564e+06) (640.69, 6.33564e+06) (645.47, 3.12654e+06) (646.01, 2.99998e+06) (646.01, 2.99998e+06) (646.01, 2.99998e+06) (646.01, 2.99998e+06) (646.01, 2.99998e+06) (646.01, 2.99998e+06) (656.65, 670891) (656.65, 670891) (656.65, 670891) (656.65, 670891) (656.65, 670891) (656.65, 670891) (676.04, 654793) (704.76, 566078) (704.76, 566078) (704.76, 566078) (741.54, 563103) (756.96, 549118) (780.94, 542691) 
Front 2: (640.69, 6.35769e+06) (645.47, 3.12658e+06) (645.47, 3.12658e+06) (645.47, 3.12658e+06) (645.47, 3.12658e+06) (645.47, 3.12658e+06) (645.47, 3.12658e+06) (645.47, 3.12658e+06) (660.89, 1.3801e+06) (660.89, 1.3801e+06) (666.44, 843369) (666.98, 765349) (676.04, 670763) (676.04, 670763) (676.04, 670763) (731.98, 670000) (756.96, 562336) 
Front 3: (640.69, 6.38525e+06) (648.94, 3.84884e+06) (648.94, 3.84884e+06) (648.94, 3.84884e+06) (648.94, 3.84884e+06) (648.94, 3.84884e+06) (648.94, 3.84884e+06) (648.94, 3.84884e+06) (648.94, 3.84884e+06) (655.57, 3.42908e+06) (655.57, 3.42908e+06) (655.57, 3.42908e+06) (655.57, 3.42908e+06) (655.57, 3.42908e+06) (655.57, 3.42908e+06) (655.57, 3.42908e+06) (655.57, 3.42908e+06) (655.57, 3.42908e+06) (655.57, 3.42908e+06) (655.57, 3.42908e+06) (655.57, 3.42908e+06) (667.52, 862794) (667.52, 862794) (667.79, 833393) (670.99, 779306) (670.99, 779306) (670.99, 779306) (670.99, 779306) (670.99, 779306) (676.81, 750814) (679.47, 684547) (679.47, 684547) (679.47, 684547) (679.47, 684547) (679.47, 684547) (679.47, 684547) (731.98, 682400) (731.98, 682400) (768.91, 667001) (772.92, 653026) (785.18, 616838) 
Front 4: (642.54, 1.55009e+07) (643.08, 7.85308e+06) (648.94, 4.05582e+06) (655.57, 3.45116e+06) (667.52, 925199) (674.15, 867342) (674.15, 867342) (676.27, 789875) (676.27, 789875) (676.27, 789875) (676.27, 789875) (676.27, 789875) (676.27, 789875) (676.27, 789875) (676.27, 789875) (676.27, 789875) (676.27, 789875) (676.27, 789875) (676.27, 789875) (676.27, 789875) (676.27, 789875) (676.27, 789875) (676.27, 789875) (676.27, 789875) (676.81, 753917) (679.47, 744204) (681.09, 703856) (681.09, 703856) (716.48, 692793) (736.76, 690888) (736.76, 690888) (785.41, 636146) 
Front 5: (642.54, 1.94763e+07) (642.54, 1.94763e+07) (642.54, 1.94763e+07) (642.54, 1.94763e+07) (642.54, 1.94763e+07) (642.54, 1.94763e+07) (642.54, 1.94763e+07) (642.54, 1.94763e+07) (642.54, 1.94763e+07) (643.62, 9.29274e+06) (643.62, 9.29274e+06) (643.62, 9.29274e+06) (643.62, 9.29274e+06) (643.62, 9.29274e+06) (650.25, 5.10998e+06) (652.64, 4.71078e+06) (656.11, 3.55559e+06) (668.06, 981096) (670.45, 980281) (673.38, 944856) (674.15, 867415) (676.27, 794955) (731.98, 707244) (731.98, 707244) (797.67, 650743) 
Front 6: (647.86, 1.10108e+07) (647.86, 1.10108e+07) (650.25, 5.12467e+06) (650.25, 5.12467e+06) (650.25, 5.12467e+06) (650.25, 5.12467e+06) (650.25, 5.12467e+06) (650.25, 5.12467e+06) (652.64, 4.96441e+06) (652.64, 4.96441e+06) (652.64, 4.96441e+06) (652.64, 4.96441e+06) (652.64, 4.96441e+06) (652.64, 4.96441e+06) (652.64, 4.96441e+06) (652.64, 4.96441e+06) (652.64, 4.96441e+06) (652.64, 4.96441e+06) (652.64, 4.96441e+06) (652.64, 4.96441e+06) (652.64, 4.96441e+06) (658.5, 4.64266e+06) (658.5, 4.64266e+06) (658.5, 4.64266e+06) (658.5, 4.64266e+06) (668.06, 1.15352e+06) (668.06, 1.15352e+06) (668.06, 1.15352e+06) (668.06, 1.15352e+06) (668.06, 1.15352e+06) (668.06, 1.15352e+06) (670.45, 1.00049e+06) (670.45, 1.00049e+06) (670.45, 1.00049e+06) (673.38, 947041) (673.38, 947041) (676.27, 795845) (754.03, 744516) (798.98, 704641) (818.41, 675652) 
Front 7: (647.86, 1.13015e+07) (647.86, 1.13015e+07) (647.86, 1.13015e+07) (647.86, 1.13015e+07) (647.86, 1.13015e+07) (647.86, 1.13015e+07) (647.86, 1.13015e+07) (647.86, 1.13015e+07) (647.86, 1.13015e+07) (647.86, 1.13015e+07) (647.86, 1.13015e+07) (647.86, 1.13015e+07) (647.86, 1.13015e+07) (647.86, 1.13015e+07) (647.86, 1.13015e+07) (647.86, 1.13015e+07) (647.86, 1.13015e+07) (647.86, 1.13015e+07) (647.86, 1.13015e+07) (647.86, 1.13015e+07) (647.86, 1.13015e+07) (647.86, 1.13015e+07) (647.86, 1.13015e+07) (647.86, 1.13015e+07) (647.86, 1.13015e+07) (647.86, 1.13015e+07) (647.86, 1.13015e+07) (647.86, 1.13015e+07) (650.25, 5.12497e+06) (650.25, 5.12497e+06) (650.25, 5.12497e+06) (650.25, 5.12497e+06) (650.25, 5.12497e+06) (650.25, 5.12497e+06) (650.25, 5.12497e+06) (650.25, 5.12497e+06) (650.25, 5.12497e+06) (667.29, 4.89979e+06) (668.6, 1.18445e+06) (673.38, 985607) (676.27, 812749) (787.03, 810159) (787.03, 810159) 
Front 8: (647.86, 1.13356e+07) (651.87, 5.40151e+06) (651.87, 5.40151e+06) (668.6, 1.24341e+06) (668.6, 1.24341e+06) (668.6, 1.24341e+06) (668.6, 1.24341e+06) (668.6, 1.24341e+06) (668.6, 1.24341e+06) (668.6, 1.24341e+06) (668.6, 1.24341e+06) (668.6, 1.24341e+06) (673.38, 1.07244e+06) (673.38, 1.07244e+06) (676.27, 853304) (676.27, 853304) (676.27, 853304) (676.27, 853304) (676.27, 853304) (676.27, 853304) (676.81, 853030) (679.47, 852359) (679.47, 852359) (679.47, 852359) (679.47, 852359) (679.47, 852359) (679.47, 852359) (679.47, 852359) (679.47, 852359) (679.47, 852359) (679.47, 852359) (679.47, 852359) (679.47, 852359) (679.47, 852359) (679.47, 852359) (679.47, 852359) (679.47, 852359) (780.63, 848124) 
Front 9: (650.79, 1.87616e+07) (652.64, 5.48842e+06) (652.64, 5.48842e+06) (652.64, 5.48842e+06) (652.64, 5.48842e+06) (652.64, 5.48842e+06) (652.64, 5.48842e+06) (652.64, 5.48842e+06) (652.64, 5.48842e+06) (671.53, 2.42969e+06) (673.38, 1.07273e+06) (676.81, 853055) 
Front 10: (651.33, 2.74061e+07) (651.33, 2.74061e+07) (651.33, 2.74061e+07) (651.33, 2.74061e+07) (651.33, 2.74061e+07) (651.33, 2.74061e+07) (651.33, 2.74061e+07) (653.18, 9.84787e+06) (653.72, 5.9381e+06) (653.72, 5.9381e+06) (661.97, 5.74708e+06) (671.53, 2.45091e+06) (674.46, 1.57884e+06) (676.81, 1.02351e+06) (676.81, 1.02351e+06) (676.81, 1.02351e+06) (676.81, 1.02351e+06) (679.47, 889257) (750.56, 865207) 
Front 11: (653.72, 5.93839e+06) (653.72, 5.93839e+06) (679.47, 899531) (679.47, 899531) (679.47, 899531) (679.47, 899531) (767.6, 873549) 
Front 12: (654.26, 1.1216e+07) (654.26, 1.1216e+07) (654.26, 1.1216e+07) (656.11, 8.35094e+06) (656.11, 8.35094e+06) (659.58, 7.41067e+06) (684.02, 4.74678e+06) (684.56, 2.99085e+06) (684.56, 2.99085e+06) (684.56, 2.99085e+06) (686.41, 1.45113e+06) (686.41, 1.45113e+06) (686.41, 1.45113e+06) (686.41, 1.45113e+06) (686.41, 1.45113e+06) (687.45, 1.02452e+06) (717.79, 989175) (735.45, 945226) (750.56, 907297) (775.08, 882672) 
Front 13: (654.26, 1.14862e+07) (656.11, 8.37469e+06) (684.02, 5.34209e+06) (686.95, 3.36683e+06) (699.44, 1.34366e+06) (721.88, 1.33244e+06) (722.42, 1.218e+06) (741.77, 1.03267e+06) (770.84, 953680) (791.27, 892120) 
Front 14: (655.03, 1.45281e+07) (659.04, 8.47996e+06) (663.28, 8.42361e+06) (663.28, 8.42361e+06) (691.73, 6.74092e+06) (699.44, 1.45819e+06) (735.91, 1.28065e+06) (753.26, 1.23779e+06) (758.81, 1.09117e+06) (758.81, 1.09117e+06) (758.81, 1.09117e+06) (758.81, 1.09117e+06) (758.81, 1.09117e+06) (758.81, 1.09117e+06) (761.2, 1.04867e+06) (761.2, 1.04867e+06) (761.2, 1.04867e+06) 
Front 15: (661.43, 9.34705e+06) (697.05, 7.40576e+06) (697.05, 7.40576e+06) (697.05, 7.40576e+06) (699.98, 5.56039e+06) (702.91, 4.62825e+06) (707.15, 1.54926e+06) (707.15, 1.54926e+06) (707.15, 1.54926e+06) (707.15, 1.54926e+06) (707.15, 1.54926e+06) (707.15, 1.54926e+06) (707.15, 1.54926e+06) (707.15, 1.54926e+06) (735.91, 1.53722e+06) (735.91, 1.53722e+06) (735.91, 1.53722e+06) (740.77, 1.42506e+06) (740.77, 1.42506e+06) (782.25, 1.18862e+06) (782.79, 1.07002e+06) 
Front 16: (663.82, 9.73898e+06) (663.82, 9.73898e+06) (663.82, 9.73898e+06) (663.82, 9.73898e+06) (663.82, 9.73898e+06) (701.29, 5.69594e+06) (704.22, 4.76795e+06) (704.22, 4.76795e+06) (707.69, 3.76372e+06) (711.39, 3.02213e+06) (715.94, 1.63422e+06) (715.94, 1.63422e+06) (746.86, 1.61552e+06) (746.86, 1.61552e+06) (746.86, 1.61552e+06) (749.79, 1.60482e+06) (749.79, 1.60482e+06) (783.02, 1.46949e+06) (783.02, 1.46949e+06) (783.56, 1.40495e+06) (785.72, 1.23567e+06) 
Front 17: (663.82, 9.87957e+06) (663.82, 9.87957e+06) (702.37, 8.40325e+06) (706.61, 4.79748e+06) (706.61, 4.79748e+06) (706.61, 4.79748e+06) (706.61, 4.79748e+06) (709.54, 4.21505e+06) (713.01, 3.68072e+06) (718.33, 3.62452e+06) (718.33, 3.62452e+06) (718.33, 3.62452e+06) (718.87, 2.9063e+06) (726.58, 1.78196e+06) (739.38, 1.75247e+06) (739.38, 1.75247e+06) (758.04, 1.68179e+06) 
Front 18: (665.67, 1.2215e+07) (676.31, 1.04547e+07) (676.31, 1.04547e+07) (676.31, 1.04547e+07) (709.54, 4.31183e+06) (709.54, 4.31183e+06) (713.01, 3.69114e+06) (718.87, 3.27839e+06) (733.83, 3.22212e+06) (738.3, 2.56138e+06) (739.15, 2.42439e+06) (743.7, 2.27435e+06) (749.25, 2.14738e+06) (749.25, 2.14738e+06) (749.25, 2.14738e+06) (749.48, 1.98941e+06) (755.88, 1.87458e+06) 
Front 19: (665.67, 1.22155e+07) (665.67, 1.22155e+07) (679.24, 1.04582e+07) (679.24, 1.04582e+07) (710.08, 4.69906e+06) (713.01, 4.34844e+06) (718.33, 3.80968e+06) (727.66, 3.73526e+06) (738.3, 2.93821e+06) (738.3, 2.93821e+06) (747.4, 2.60088e+06) (747.4, 2.60088e+06) (747.4, 2.60088e+06) (749.25, 2.18573e+06) (749.25, 2.18573e+06) (771.84, 1.99277e+06) 
Front 20: (666.21, 2.74027e+07) (666.21, 2.74027e+07) (666.21, 2.74027e+07) (669.14, 1.6752e+07) (669.14, 1.6752e+07) (669.14, 1.6752e+07) (673.92, 1.60326e+07) (701.83, 1.08337e+07) (701.83, 1.08337e+07) (710.08, 4.74074e+06) (710.08, 4.74074e+06) (710.08, 4.74074e+06) (710.08, 4.74074e+06) (710.08, 4.74074e+06) (710.08, 4.74074e+06) (710.08, 4.74074e+06) (720.72, 4.74043e+06) (720.72, 4.74043e+06) (720.72, 4.74043e+06) (720.72, 4.74043e+06) (720.72, 4.74043e+06) (720.72, 4.74043e+06) (720.72, 4.74043e+06) (720.72, 4.74043e+06) (720.72, 4.74043e+06) (720.72, 4.74043e+06) (721.26, 4.29125e+06) (723.11, 3.93367e+06) (723.11, 3.93367e+06) (738.3, 2.93976e+06) (738.3, 2.93976e+06) (747.63, 2.67883e+06) (764.13, 2.58939e+06) (785.95, 2.32868e+06) 
Front 21: (678.7, 1.81235e+07) (710.62, 8.48165e+06) (710.62, 8.48165e+06) (711.93, 7.36751e+06) (711.93, 7.36751e+06) (712.47, 5.16659e+06) (712.47, 5.16659e+06) (712.47, 5.16659e+06) (714.86, 5.12317e+06) (720.72, 4.75199e+06) (721.26, 4.32401e+06) (721.26, 4.32401e+06) (721.26, 4.32401e+06) (721.26, 4.32401e+06) (721.26, 4.32401e+06) (721.26, 4.32401e+06) (726.66, 4.20521e+06) (732.98, 4.13615e+06) (732.98, 4.13615e+06) (739.69, 3.77702e+06) (740.46, 3.36819e+06) (740.46, 3.36819e+06) (744.47, 3.17175e+06) (744.47, 3.17175e+06) (744.47, 3.17175e+06) (744.47, 3.17175e+06) (747.63, 2.97455e+06) (747.63, 2.97455e+06) 
Front 22: (678.7, 1.91658e+07) (712.47, 5.16659e+06) (712.47, 5.16659e+06) (712.47, 5.16659e+06) (712.47, 5.16659e+06) (721.26, 4.39279e+06) (721.26, 4.39279e+06) (721.26, 4.39279e+06) (721.26, 4.39279e+06) (721.26, 4.39279e+06) (721.26, 4.39279e+06) (721.26, 4.39279e+06) (741.23, 3.6195e+06) (746.32, 3.18162e+06) (750.02, 3.11813e+06) 
Front 23: (681.63, 2.234e+07) (681.63, 2.234e+07) (697.59, 2.1902e+07) (697.59, 2.1902e+07) (697.59, 2.1902e+07) (713.01, 1.47316e+07) (715.4, 1.32492e+07) (716.48, 1.25401e+07) (717.25, 9.1911e+06) (721.26, 4.40913e+06) (741.23, 3.63042e+06) (746.32, 3.18747e+06) 
Front 24: (682.17, 2.46428e+07) (720.18, 9.99551e+06) (720.18, 9.99551e+06) (723.65, 6.36325e+06) (727.12, 5.68206e+06) (729.59, 4.46791e+06) (734.83, 4.46255e+06) (745.24, 4.08928e+06) (745.24, 4.08928e+06) (745.24, 4.08928e+06) (745.24, 4.08928e+06) (762.28, 3.74248e+06) 
Front 25: (705.3, 2.94663e+07) (705.3, 2.94663e+07) (705.3, 2.94663e+07) (705.3, 2.94663e+07) (723.65, 7.08322e+06) (723.65, 7.08322e+06) (723.65, 7.08322e+06) (723.65, 7.08322e+06) (723.65, 7.08322e+06) (723.65, 7.08322e+06) (723.65, 7.08322e+06) (723.65, 7.08322e+06) (723.65, 7.08322e+06) (723.65, 7.08322e+06) (723.65, 7.08322e+06) (723.65, 7.08322e+06) (723.65, 7.08322e+06) (730.59, 7.01243e+06) (732.44, 5.95208e+06) (732.44, 5.95208e+06) (734.83, 4.4727e+06) (749.02, 4.44475e+06) (763.59, 4.18499e+06) (768.14, 4.16125e+06) 
Front 26: (705.3, 3.00218e+07) (723.65, 7.08353e+06) (723.65, 7.08353e+06) (723.65, 7.08353e+06) (734.91, 5.73476e+06) (736.45, 5.57481e+06) (736.45, 5.57481e+06) (742.31, 5.07121e+06) (750.87, 4.53527e+06) (775.85, 4.17791e+06) 
Front 27: (723.65, 7.09768e+06) (723.65, 7.09768e+06) (736.45, 5.58214e+06) (742.31, 5.58097e+06) (742.31, 5.58097e+06) (742.31, 5.58097e+06) (742.31, 5.58097e+06) (744.7, 5.26565e+06) (744.7, 5.26565e+06) (744.7, 5.26565e+06) (744.7, 5.26565e+06) (744.7, 5.26565e+06) (744.7, 5.26565e+06) (744.7, 5.26565e+06) (744.7, 5.26565e+06) (778.78, 4.58671e+06) 
Front 28: (724.19, 7.8071e+06) (734.37, 7.41168e+06) (737.53, 6.21521e+06) (737.53, 6.21521e+06) (737.53, 6.21521e+06) (737.53, 6.21521e+06) (742.31, 5.58534e+06) (742.31, 5.58534e+06) (742.31, 5.58534e+06) 
Front 29: (724.19, 2.88063e+07) (724.19, 2.88063e+07) (724.19, 2.88063e+07) (726.04, 2.55811e+07) (728.97, 8.83578e+06) (732.52, 8.77399e+06) (732.52, 8.77399e+06) (734.6, 7.60316e+06) (741, 7.25511e+06) (752.18, 6.68161e+06) (759.89, 5.69455e+06) (759.89, 5.69455e+06) 
Front 30: (726.04, 2.56114e+07) (726.04, 2.56114e+07) (726.04, 2.56114e+07) (729.05, 1.1477e+07) (740.23, 7.8668e+06) (776.39, 5.90028e+06) 
Front 31: (727.74, 3.02081e+07) (734.06, 2.68378e+07) (737.76, 2.57842e+07) (739.92, 1.45965e+07) (739.92, 1.45965e+07) (739.92, 1.45965e+07) (739.92, 1.45965e+07) (740.69, 1.02516e+07) (748.48, 8.11291e+06) (748.48, 8.11291e+06) (754.57, 8.10209e+06) (777.16, 6.99346e+06) (777.16, 6.99346e+06) 
Front 32: (731.98, 3.84614e+08) (740.46, 4.37866e+07) (742.85, 1.52842e+07) (743.39, 1.35637e+07) (751.1, 9.95011e+06) (751.1, 9.95011e+06) (751.1, 9.95011e+06) (751.1, 9.95011e+06) (758.27, 8.89228e+06) (758.27, 8.89228e+06) (758.27, 8.89228e+06) (758.27, 8.89228e+06) (765.21, 8.38283e+06) 
Front 33: (731.98, 4.70704e+08) (739.69, 3.89888e+08) (740.77, 3.48864e+08) (742.85, 1.53065e+07) (743.93, 1.43303e+07) (743.93, 1.43303e+07) (743.93, 1.43303e+07) (752.41, 1.04396e+07) (755.34, 1.01173e+07) 
Front 34: (731.98, 4.71198e+08) (743.7, 3.77896e+08) (743.93, 1.50277e+07) (752.41, 1.17313e+07) (752.95, 1.1238e+07) (755.34, 1.05305e+07) 
Front 35: (741.54, 4.74172e+08) (743.93, 4.7284e+08) (744.47, 2.82714e+08) (747.09, 2.35476e+07) (747.09, 2.35476e+07) (747.09, 2.35476e+07) (747.09, 2.35476e+07) (747.09, 2.35476e+07) (747.94, 1.95634e+07) (751.64, 1.62483e+07) (751.64, 1.62483e+07) (751.64, 1.62483e+07) (751.64, 1.62483e+07) (751.64, 1.62483e+07) (751.64, 1.62483e+07) (753.49, 1.53705e+07) (754.8, 1.40431e+07) (760.66, 1.17054e+07) (760.66, 1.17054e+07) 
Front 36: (743.93, 4.9163e+08) (743.93, 4.9163e+08) (744.47, 2.9108e+08) (751.1, 2.74536e+08) (751.64, 2.70712e+08) (755.11, 2.547e+07) (756.42, 1.73435e+07) (756.42, 1.73435e+07) (756.42, 1.73435e+07) 
Front 37: (744.47, 3.80503e+08) (749.25, 3.03517e+08) (749.79, 3.01689e+08) (751.64, 2.96267e+08) (754.57, 2.71341e+08) (755.11, 2.54753e+07) 
Front 38: (744.47, 4.75651e+08) (746.86, 3.87e+08) (749.25, 3.56061e+08) (751.1, 3.27855e+08) (756.42, 2.44762e+08) (770.84, 2.05281e+08) (778.78, 1.95469e+08) (785.95, 1.88379e+08) (798.98, 1.8555e+08) 
Front 39: (746.86, 3.889e+08) (749.25, 3.87466e+08) (749.79, 3.72454e+08) (751.64, 3.65269e+08) (752.18, 3.51392e+08) (755.11, 3.40707e+08) (758.04, 3.37875e+08) (758.27, 2.67184e+08) (761.2, 2.58257e+08) (775.08, 2.44341e+08) (776.39, 2.32728e+08) (780.63, 2.27997e+08) (783.02, 2.08455e+08) (797.67, 2.05372e+08) 
Front 40: (746.86, 3.9268e+08) (751.64, 3.77648e+08) (753.26, 3.69426e+08) (755.11, 3.42182e+08) (758.81, 2.68898e+08) (775.85, 2.48736e+08) (780.94, 2.38362e+08) (782.79, 2.33234e+08) (785.18, 2.20458e+08) 
Front 41: (747.4, 4.0005e+08) (751.64, 3.95416e+08) (755.88, 3.74737e+08) (758.81, 3.57321e+08) (758.81, 3.57321e+08) (759.89, 3.42952e+08) (760.66, 3.19272e+08) (777.16, 2.5316e+08) (782.25, 2.4528e+08) (783.56, 2.39459e+08) 
Front 42: (747.4, 4.16107e+08) (749.25, 4.01806e+08) (758.81, 3.64922e+08) (768.91, 3.55458e+08) (771.84, 3.41677e+08) (772.92, 3.36751e+08) (777.16, 3.09814e+08) (785.41, 2.50039e+08) (785.72, 2.42352e+08) (787.03, 2.41668e+08) 
Front 43: (749.25, 4.09309e+08) (756.96, 4.0605e+08) (758.81, 3.68037e+08) (783.02, 3.4206e+08) (787.03, 2.41968e+08) 
Front 44: (756.96, 4.23774e+08) (761.2, 3.76226e+08) (764.13, 3.72176e+08) (791.27, 3.19445e+08) (818.41, 3.00397e+08) 
Front 45: (758.81, 4.84046e+08) (759.89, 4.29137e+08) (763.59, 4.06791e+08) (767.6, 3.92223e+08) 
Front 46: (762.28, 4.69499e+08) (765.21, 4.3339e+08) (768.14, 4.3322e+08)